work_order_id,equipment_id,work_order_type,description,priority,status,creation_date,planned_date,completion_date,assigned_technician,estimated_hours,actual_hours
WO3001,EQ261,Maintenance préventive,Maintenance Presse hydraulique 261 - Contrôle,Très urgent,Terminé,2025-06-27,2025-06-29,2025-07-02,Pierre Moreau,6,16
WO3002,EQ231,Nettoyage,Maintenance Chaudière 231 - Contrôle,Urgent,Terminé,2025-05-30,2025-06-07,2025-06-06,Claire Bernard,3,18
WO3003,EQ088,Maintenance préventive,Maintenance Moteur électrique 88 - Réparation,Urgent,Terminé,2025-07-01,2025-07-08,2025-07-07,Claire Bernard,12,11
WO3004,EQ247,Maintenance corrective,Maintenance Groupe électrogène 247 - Vérification,Très urgent,Annulé,2025-09-21,2025-09-23,,Claire Bernard,3,
WO3005,EQ497,Nettoyage,Maintenance Presse hydraulique 497 - Contrôle,Programmé,En cours,2025-10-19,2025-10-25,,Jean Leroy,7,
WO3006,EQ053,Révision générale,Maintenance Ventilateur 53 - Contrôle,Programmé,Terminé,2025-05-19,2025-05-25,2025-05-28,Jean Leroy,10,20
WO3007,EQ270,Dépannage urgent,Maintenance Convoyeur 270 - Vérification,Urgent,Terminé,2025-10-25,2025-11-05,2025-11-05,Marie Durand,2,16
WO3008,EQ319,Maintenance préventive,Maintenance Groupe électrogène 319 - Réparation,Urgent,Terminé,2025-10-19,2025-10-27,2025-10-27,Martin Dubois,5,14
WO3009,EQ079,Inspection,Maintenance Moteur électrique 79 - Contrôle,Programmé,Terminé,2025-08-05,2025-08-15,2025-08-17,Martin Dubois,14,16
WO3010,EQ013,Nettoyage,Maintenance Réducteur 13 - Vérification,Programmé,Terminé,2025-05-28,2025-06-04,2025-06-07,Sophie Laurent,12,1
WO3011,EQ249,Maintenance préventive,Maintenance Moteur électrique 249 - Vérification,Programmé,Terminé,2025-05-16,2025-05-21,2025-05-21,Martin Dubois,15,7
WO3012,EQ225,Amélioration,Maintenance Moteur électrique 225 - Réparation,Très urgent,Terminé,2025-10-02,2025-10-10,2025-10-13,Jean Leroy,4,12
WO3013,EQ256,Maintenance préventive,Maintenance Ventilateur 256 - Remplacement,Programmé,Annulé,2025-07-13,2025-07-21,,Martin Dubois,6,
WO3014,EQ078,Inspection,Maintenance Groupe électrogène 78 - Réparation,Normal,Terminé,2025-08-03,2025-08-14,2025-08-19,Marie Durand,14,8
WO3015,EQ026,Amélioration,Maintenance Transformateur 26 - Vérification,Programmé,Terminé,2025-09-30,2025-10-10,2025-10-11,Martin Dubois,10,16
WO3016,EQ346,Inspection,Maintenance Ventilateur 346 - Vérification,Normal,Terminé,2025-07-17,2025-07-28,2025-07-26,Jean Leroy,15,5
WO3017,EQ223,Maintenance préventive,Maintenance Moteur électrique 223 - Réparation,Urgent,Terminé,2025-07-04,2025-07-07,2025-07-09,Claire Bernard,1,1
WO3018,EQ391,Révision générale,Maintenance Ventilateur 391 - Vérification,Urgent,Terminé,2025-10-03,2025-10-09,2025-10-14,Martin Dubois,15,8
WO3019,EQ350,Dépannage urgent,Maintenance Moteur électrique 350 - Contrôle,Normal,Terminé,2025-07-16,2025-07-30,2025-08-04,Jean Leroy,13,5
WO3020,EQ063,Dépannage urgent,Maintenance Convoyeur 63 - Contrôle,Urgent,Terminé,2025-06-11,2025-06-23,2025-06-24,Sophie Laurent,10,18
WO3021,EQ377,Maintenance corrective,Maintenance Chaudière 377 - Remplacement,Normal,Terminé,2025-05-16,2025-05-25,2025-05-24,Pierre Moreau,15,10
WO3022,EQ207,Inspection,Maintenance Groupe électrogène 207 - Réparation,Très urgent,Terminé,2025-10-19,2025-10-29,2025-10-29,Sophie Laurent,12,10
WO3023,EQ008,Révision générale,Maintenance Convoyeur 08 - Contrôle,Normal,Terminé,2025-06-11,2025-06-24,2025-06-25,Martin Dubois,6,3
WO3024,EQ340,Inspection,Maintenance Transformateur 340 - Réparation,Très urgent,Terminé,2025-09-14,2025-09-26,2025-09-29,Claire Bernard,1,5
WO3025,EQ243,Amélioration,Maintenance Presse hydraulique 243 - Remplacement,Très urgent,Terminé,2025-08-24,2025-08-31,2025-09-02,Pierre Moreau,10,10
WO3026,EQ413,Amélioration,Maintenance Transformateur 413 - Remplacement,Programmé,Annulé,2025-09-28,2025-10-11,,Claire Bernard,7,
WO3027,EQ210,Révision générale,Maintenance Robot industriel 210 - Vérification,Très urgent,Terminé,2025-06-02,2025-06-04,2025-06-07,Claire Bernard,11,17
WO3028,EQ385,Dépannage urgent,Maintenance Convoyeur 385 - Contrôle,Programmé,Terminé,2025-05-23,2025-05-30,2025-06-02,Sophie Laurent,15,7
WO3029,EQ490,Amélioration,Maintenance Convoyeur 490 - Contrôle,Normal,Annulé,2025-05-27,2025-06-06,,Claire Bernard,2,
WO3030,EQ214,Maintenance corrective,Maintenance Chaudière 214 - Vérification,Programmé,Annulé,2025-05-21,2025-05-28,,Martin Dubois,2,
WO3031,EQ128,Inspection,Maintenance Moteur électrique 128 - Réparation,Programmé,Terminé,2025-09-22,2025-09-25,2025-09-30,Claire Bernard,11,10
WO3032,EQ005,Révision générale,Maintenance Presse hydraulique 05 - Remplacement,Urgent,Terminé,2025-06-22,2025-06-26,2025-06-29,Claire Bernard,7,11
WO3033,EQ240,Amélioration,Maintenance Convoyeur 240 - Remplacement,Normal,Terminé,2025-05-30,2025-06-12,2025-06-17,Pierre Moreau,14,17
WO3034,EQ236,Inspection,Maintenance Moteur électrique 236 - Remplacement,Normal,Terminé,2025-07-25,2025-08-06,2025-08-05,Claire Bernard,11,1
WO3035,EQ086,Maintenance corrective,Maintenance Presse hydraulique 86 - Remplacement,Programmé,Terminé,2025-09-19,2025-09-30,2025-09-29,Marie Durand,3,2
WO3036,EQ327,Nettoyage,Maintenance Presse hydraulique 327 - Réparation,Urgent,Terminé,2025-08-07,2025-08-10,2025-08-11,Martin Dubois,7,18
WO3037,EQ366,Maintenance corrective,Maintenance Échangeur thermique 366 - Vérification,Urgent,Terminé,2025-06-13,2025-06-25,2025-06-23,Pierre Moreau,15,20
WO3038,EQ480,Dépannage urgent,Maintenance Robot industriel 480 - Réparation,Normal,Terminé,2025-05-10,2025-05-15,2025-05-16,Claire Bernard,5,17
WO3039,EQ353,Nettoyage,Maintenance Convoyeur 353 - Vérification,Programmé,Terminé,2025-06-11,2025-06-14,2025-06-12,Claire Bernard,9,2
WO3040,EQ108,Nettoyage,Maintenance Presse hydraulique 108 - Vérification,Normal,En cours,2025-11-04,2025-11-09,,Martin Dubois,3,
WO3041,EQ299,Nettoyage,Maintenance Compresseur 299 - Réparation,Normal,Terminé,2025-08-16,2025-08-18,2025-08-20,Marie Durand,4,18
WO3042,EQ252,Nettoyage,Maintenance Robot industriel 252 - Vérification,Normal,Annulé,2025-08-02,2025-08-12,,Martin Dubois,16,
WO3043,EQ016,Maintenance corrective,Maintenance Moteur électrique 16 - Remplacement,Urgent,Terminé,2025-10-02,2025-10-03,2025-10-07,Claire Bernard,9,1
WO3044,EQ139,Maintenance corrective,Maintenance Moteur électrique 139 - Remplacement,Très urgent,Terminé,2025-07-11,2025-07-17,2025-07-19,Claire Bernard,7,1
WO3045,EQ065,Amélioration,Maintenance Ventilateur 65 - Remplacement,Programmé,Annulé,2025-09-15,2025-09-19,,Pierre Moreau,10,
WO3046,EQ099,Maintenance corrective,Maintenance Échangeur thermique 99 - Remplacement,Très urgent,Terminé,2025-07-13,2025-07-23,2025-07-23,Claire Bernard,7,9
WO3047,EQ232,Nettoyage,Maintenance Groupe électrogène 232 - Réparation,Normal,Terminé,2025-08-31,2025-09-13,2025-09-15,Claire Bernard,8,9
WO3048,EQ408,Nettoyage,Maintenance Groupe électrogène 408 - Remplacement,Très urgent,Terminé,2025-09-24,2025-10-08,2025-10-08,Jean Leroy,11,7
WO3049,EQ202,Maintenance préventive,Maintenance Convoyeur 202 - Contrôle,Urgent,Annulé,2025-08-27,2025-09-09,,Marie Durand,1,
WO3050,EQ036,Maintenance préventive,Maintenance Échangeur thermique 36 - Vérification,Très urgent,Terminé,2025-08-28,2025-09-11,2025-09-11,Jean Leroy,10,20
WO3051,EQ228,Inspection,Maintenance Groupe électrogène 228 - Vérification,Urgent,Terminé,2025-07-03,2025-07-16,2025-07-18,Marie Durand,7,15
WO3052,EQ428,Maintenance corrective,Maintenance Groupe électrogène 428 - Réparation,Urgent,Terminé,2025-07-02,2025-07-12,2025-07-13,Jean Leroy,11,1
WO3053,EQ359,Maintenance corrective,Maintenance Convoyeur 359 - Réparation,Urgent,Terminé,2025-07-25,2025-08-01,2025-08-04,Sophie Laurent,1,9
WO3054,EQ449,Maintenance préventive,Maintenance Réducteur 449 - Réparation,Normal,Terminé,2025-07-19,2025-07-30,2025-08-04,Sophie Laurent,6,15
WO3055,EQ117,Maintenance corrective,Maintenance Réducteur 117 - Vérification,Urgent,Terminé,2025-08-20,2025-08-24,2025-08-24,Claire Bernard,15,9
WO3056,EQ303,Révision générale,Maintenance Groupe électrogène 303 - Remplacement,Normal,Terminé,2025-07-29,2025-08-01,2025-07-30,Claire Bernard,2,16
WO3057,EQ221,Révision générale,Maintenance Réducteur 221 - Vérification,Programmé,Annulé,2025-08-17,2025-08-25,,Marie Durand,13,
WO3058,EQ148,Dépannage urgent,Maintenance Échangeur thermique 148 - Réparation,Normal,En cours,2025-10-18,2025-10-19,,Claire Bernard,9,
WO3059,EQ251,Amélioration,Maintenance Presse hydraulique 251 - Remplacement,Très urgent,Terminé,2025-07-16,2025-07-21,2025-07-24,Claire Bernard,11,4
WO3060,EQ276,Révision générale,Maintenance Réducteur 276 - Vérification,Programmé,Annulé,2025-06-11,2025-06-16,,Martin Dubois,3,
WO3061,EQ012,Inspection,Maintenance Ventilateur 12 - Remplacement,Normal,Terminé,2025-07-04,2025-07-15,2025-07-18,Marie Durand,3,5
WO3062,EQ427,Dépannage urgent,Maintenance Presse hydraulique 427 - Remplacement,Urgent,Terminé,2025-10-13,2025-10-24,2025-10-26,Jean Leroy,13,3
WO3063,EQ197,Dépannage urgent,Maintenance Compresseur 197 - Contrôle,Urgent,Terminé,2025-06-08,2025-06-18,2025-06-20,Jean Leroy,2,7
WO3064,EQ341,Inspection,Maintenance Convoyeur 341 - Contrôle,Urgent,Terminé,2025-07-16,2025-07-21,2025-07-23,Pierre Moreau,3,16
WO3065,EQ345,Maintenance corrective,Maintenance Transformateur 345 - Réparation,Programmé,Terminé,2025-09-04,2025-09-18,2025-09-16,Sophie Laurent,3,4
WO3066,EQ251,Amélioration,Maintenance Presse hydraulique 251 - Vérification,Très urgent,Annulé,2025-06-25,2025-07-02,,Claire Bernard,8,
WO3067,EQ461,Amélioration,Maintenance Moteur électrique 461 - Remplacement,Très urgent,Terminé,2025-10-28,2025-11-10,2025-11-13,Jean Leroy,9,6
WO3068,EQ026,Maintenance corrective,Maintenance Transformateur 26 - Réparation,Très urgent,Terminé,2025-06-28,2025-07-04,2025-07-02,Pierre Moreau,9,12
WO3069,EQ259,Maintenance corrective,Maintenance Réducteur 259 - Contrôle,Très urgent,Terminé,2025-06-16,2025-06-21,2025-06-21,Pierre Moreau,7,5
WO3070,EQ240,Dépannage urgent,Maintenance Convoyeur 240 - Vérification,Normal,Annulé,2025-08-31,2025-09-05,,Claire Bernard,12,
WO3071,EQ308,Révision générale,Maintenance Transformateur 308 - Réparation,Programmé,Terminé,2025-07-08,2025-07-20,2025-07-19,Pierre Moreau,11,15
WO3072,EQ434,Maintenance préventive,Maintenance Chaudière 434 - Remplacement,Normal,En cours,2025-10-22,2025-11-01,,Jean Leroy,3,
WO3073,EQ365,Maintenance corrective,Maintenance Robot industriel 365 - Réparation,Normal,Terminé,2025-09-15,2025-09-20,2025-09-23,Jean Leroy,15,14
WO3074,EQ071,Nettoyage,Maintenance Moteur électrique 71 - Remplacement,Programmé,Terminé,2025-09-08,2025-09-12,2025-09-11,Jean Leroy,4,6
WO3075,EQ031,Nettoyage,Maintenance Robot industriel 31 - Remplacement,Très urgent,Terminé,2025-09-03,2025-09-12,2025-09-10,Sophie Laurent,7,16
WO3076,EQ258,Dépannage urgent,Maintenance Pompe centrifuge 258 - Réparation,Très urgent,Terminé,2025-05-27,2025-06-04,2025-06-02,Martin Dubois,10,5
WO3077,EQ369,Nettoyage,Maintenance Moteur électrique 369 - Vérification,Urgent,Terminé,2025-10-17,2025-10-21,2025-10-26,Martin Dubois,6,7
WO3078,EQ085,Maintenance préventive,Maintenance Robot industriel 85 - Contrôle,Très urgent,Terminé,2025-08-25,2025-08-31,2025-09-05,Marie Durand,12,10
WO3079,EQ290,Nettoyage,Maintenance Moteur électrique 290 - Contrôle,Urgent,Annulé,2025-09-12,2025-09-25,,Martin Dubois,14,
WO3080,EQ049,Nettoyage,Maintenance Presse hydraulique 49 - Réparation,Urgent,Terminé,2025-07-29,2025-08-05,2025-08-04,Pierre Moreau,1,13
WO3081,EQ428,Révision générale,Maintenance Groupe électrogène 428 - Remplacement,Très urgent,Terminé,2025-09-25,2025-10-04,2025-10-06,Martin Dubois,2,12
WO3082,EQ249,Dépannage urgent,Maintenance Moteur électrique 249 - Réparation,Urgent,Annulé,2025-07-01,2025-07-07,,Martin Dubois,9,
WO3083,EQ488,Inspection,Maintenance Réducteur 488 - Vérification,Programmé,Ouvert,2025-10-30,2025-11-08,,Claire Bernard,10,
WO3084,EQ241,Maintenance préventive,Maintenance Groupe électrogène 241 - Remplacement,Programmé,Annulé,2025-08-25,2025-09-02,,Pierre Moreau,7,
WO3085,EQ142,Nettoyage,Maintenance Échangeur thermique 142 - Réparation,Urgent,Terminé,2025-08-31,2025-09-13,2025-09-13,Sophie Laurent,1,14
WO3086,EQ095,Inspection,Maintenance Presse hydraulique 95 - Vérification,Normal,En cours,2025-10-08,2025-10-11,,Sophie Laurent,3,
WO3087,EQ303,Nettoyage,Maintenance Groupe électrogène 303 - Vérification,Très urgent,Annulé,2025-05-14,2025-05-17,,Claire Bernard,6,
WO3088,EQ049,Dépannage urgent,Maintenance Presse hydraulique 49 - Contrôle,Normal,Terminé,2025-06-12,2025-06-25,2025-06-24,Pierre Moreau,7,15
WO3089,EQ041,Inspection,Maintenance Chaudière 41 - Remplacement,Programmé,Terminé,2025-10-19,2025-10-29,2025-10-31,Marie Durand,10,4
WO3090,EQ412,Révision générale,Maintenance Chaudière 412 - Remplacement,Très urgent,Annulé,2025-08-26,2025-08-27,,Pierre Moreau,3,
WO3091,EQ161,Dépannage urgent,Maintenance Presse hydraulique 161 - Remplacement,Très urgent,Terminé,2025-09-30,2025-10-14,2025-10-13,Pierre Moreau,8,1
WO3092,EQ325,Maintenance préventive,Maintenance Échangeur thermique 325 - Réparation,Programmé,Annulé,2025-06-18,2025-07-01,,Pierre Moreau,9,
WO3093,EQ173,Maintenance préventive,Maintenance Pompe centrifuge 173 - Remplacement,Programmé,Terminé,2025-08-11,2025-08-21,2025-08-21,Claire Bernard,4,1
WO3094,EQ108,Dépannage urgent,Maintenance Presse hydraulique 108 - Réparation,Urgent,Terminé,2025-09-17,2025-09-26,2025-09-28,Pierre Moreau,14,13
WO3095,EQ475,Dépannage urgent,Maintenance Échangeur thermique 475 - Remplacement,Urgent,Terminé,2025-07-26,2025-07-30,2025-07-29,Claire Bernard,9,20
WO3096,EQ282,Maintenance préventive,Maintenance Groupe électrogène 282 - Contrôle,Programmé,Terminé,2025-08-05,2025-08-14,2025-08-15,Sophie Laurent,10,8
WO3097,EQ247,Maintenance corrective,Maintenance Groupe électrogène 247 - Remplacement,Normal,Terminé,2025-10-26,2025-11-02,2025-11-03,Martin Dubois,10,7
WO3098,EQ224,Maintenance préventive,Maintenance Presse hydraulique 224 - Vérification,Urgent,Terminé,2025-10-24,2025-11-03,2025-11-08,Jean Leroy,7,1
WO3099,EQ198,Maintenance corrective,Maintenance Presse hydraulique 198 - Réparation,Urgent,Terminé,2025-05-14,2025-05-19,2025-05-17,Pierre Moreau,8,10
WO3100,EQ307,Dépannage urgent,Maintenance Presse hydraulique 307 - Remplacement,Très urgent,Terminé,2025-09-22,2025-09-26,2025-10-01,Pierre Moreau,6,20
WO3101,EQ384,Inspection,Maintenance Transformateur 384 - Remplacement,Normal,Terminé,2025-05-13,2025-05-27,2025-05-30,Marie Durand,2,19
WO3102,EQ373,Maintenance préventive,Maintenance Compresseur 373 - Contrôle,Programmé,Terminé,2025-05-09,2025-05-15,2025-05-19,Jean Leroy,5,9
WO3103,EQ071,Inspection,Maintenance Moteur électrique 71 - Remplacement,Très urgent,Terminé,2025-09-03,2025-09-07,2025-09-12,Marie Durand,4,13
WO3104,EQ276,Inspection,Maintenance Réducteur 276 - Contrôle,Normal,Terminé,2025-07-27,2025-08-09,2025-08-11,Jean Leroy,4,12
WO3105,EQ338,Maintenance corrective,Maintenance Chaudière 338 - Remplacement,Normal,Annulé,2025-09-14,2025-09-26,,Marie Durand,14,
WO3106,EQ314,Maintenance corrective,Maintenance Convoyeur 314 - Vérification,Normal,Annulé,2025-05-30,2025-06-04,,Pierre Moreau,5,
WO3107,EQ170,Maintenance corrective,Maintenance Pompe centrifuge 170 - Contrôle,Programmé,Annulé,2025-06-24,2025-07-05,,Marie Durand,15,
WO3108,EQ439,Dépannage urgent,Maintenance Ventilateur 439 - Contrôle,Urgent,Terminé,2025-08-16,2025-08-17,2025-08-22,Marie Durand,4,14
WO3109,EQ026,Révision générale,Maintenance Transformateur 26 - Remplacement,Très urgent,Annulé,2025-08-30,2025-09-04,,Sophie Laurent,12,
WO3110,EQ379,Amélioration,Maintenance Convoyeur 379 - Remplacement,Urgent,Terminé,2025-08-22,2025-08-27,2025-08-25,Marie Durand,12,8
WO3111,EQ384,Maintenance corrective,Maintenance Transformateur 384 - Contrôle,Urgent,En cours,2025-10-31,2025-11-08,,Martin Dubois,2,
WO3112,EQ139,Inspection,Maintenance Moteur électrique 139 - Remplacement,Très urgent,Terminé,2025-08-04,2025-08-17,2025-08-22,Marie Durand,5,14
WO3113,EQ138,Dépannage urgent,Maintenance Ventilateur 138 - Réparation,Urgent,Annulé,2025-07-29,2025-08-03,,Sophie Laurent,8,
WO3114,EQ188,Maintenance préventive,Maintenance Presse hydraulique 188 - Vérification,Urgent,Terminé,2025-08-13,2025-08-21,2025-08-25,Jean Leroy,11,9
WO3115,EQ483,Révision générale,Maintenance Groupe électrogène 483 - Remplacement,Programmé,En cours,2025-10-31,2025-11-01,,Marie Durand,16,
WO3116,EQ427,Maintenance préventive,Maintenance Presse hydraulique 427 - Vérification,Urgent,Terminé,2025-08-05,2025-08-19,2025-08-22,Jean Leroy,2,11
WO3117,EQ383,Révision générale,Maintenance Convoyeur 383 - Remplacement,Urgent,Terminé,2025-08-27,2025-08-31,2025-08-30,Marie Durand,16,18
WO3118,EQ201,Maintenance préventive,Maintenance Réducteur 201 - Contrôle,Programmé,Annulé,2025-05-25,2025-05-30,,Jean Leroy,3,
WO3119,EQ485,Dépannage urgent,Maintenance Compresseur 485 - Vérification,Normal,Terminé,2025-06-20,2025-06-27,2025-06-29,Martin Dubois,1,10
WO3120,EQ345,Maintenance corrective,Maintenance Transformateur 345 - Remplacement,Programmé,Terminé,2025-08-30,2025-09-12,2025-09-14,Marie Durand,14,3
WO3121,EQ405,Dépannage urgent,Maintenance Convoyeur 405 - Contrôle,Programmé,Terminé,2025-05-11,2025-05-14,2025-05-17,Jean Leroy,4,11
WO3122,EQ418,Dépannage urgent,Maintenance Convoyeur 418 - Vérification,Programmé,Terminé,2025-06-05,2025-06-07,2025-06-12,Marie Durand,15,9
WO3123,EQ332,Inspection,Maintenance Presse hydraulique 332 - Vérification,Normal,Terminé,2025-08-13,2025-08-19,2025-08-23,Sophie Laurent,6,7
WO3124,EQ220,Dépannage urgent,Maintenance Groupe électrogène 220 - Contrôle,Très urgent,Terminé,2025-07-28,2025-08-05,2025-08-09,Martin Dubois,12,8
WO3125,EQ225,Nettoyage,Maintenance Moteur électrique 225 - Réparation,Très urgent,Terminé,2025-09-26,2025-10-09,2025-10-08,Pierre Moreau,9,17
WO3126,EQ103,Inspection,Maintenance Ventilateur 103 - Remplacement,Normal,Terminé,2025-08-25,2025-08-31,2025-08-31,Claire Bernard,8,18
WO3127,EQ390,Amélioration,Maintenance Pompe centrifuge 390 - Vérification,Programmé,Terminé,2025-07-17,2025-07-29,2025-08-01,Sophie Laurent,12,14
WO3128,EQ108,Inspection,Maintenance Presse hydraulique 108 - Réparation,Normal,Terminé,2025-09-15,2025-09-19,2025-09-23,Sophie Laurent,7,18
WO3129,EQ260,Inspection,Maintenance Pompe centrifuge 260 - Remplacement,Programmé,Annulé,2025-06-22,2025-07-06,,Jean Leroy,9,
WO3130,EQ049,Révision générale,Maintenance Presse hydraulique 49 - Réparation,Très urgent,Terminé,2025-06-08,2025-06-22,2025-06-21,Claire Bernard,11,5
WO3131,EQ009,Amélioration,Maintenance Convoyeur 09 - Contrôle,Normal,Terminé,2025-05-10,2025-05-22,2025-05-22,Pierre Moreau,16,14
WO3132,EQ443,Maintenance préventive,Maintenance Transformateur 443 - Réparation,Normal,Annulé,2025-08-03,2025-08-09,,Sophie Laurent,5,
WO3133,EQ387,Nettoyage,Maintenance Robot industriel 387 - Contrôle,Normal,Terminé,2025-08-29,2025-08-30,2025-08-28,Pierre Moreau,1,17
WO3134,EQ054,Maintenance corrective,Maintenance Ventilateur 54 - Réparation,Programmé,Terminé,2025-06-13,2025-06-15,2025-06-18,Sophie Laurent,2,20
WO3135,EQ139,Nettoyage,Maintenance Moteur électrique 139 - Remplacement,Urgent,Annulé,2025-08-02,2025-08-08,,Marie Durand,4,
WO3136,EQ202,Dépannage urgent,Maintenance Convoyeur 202 - Contrôle,Urgent,En cours,2025-10-10,2025-10-20,,Martin Dubois,14,
WO3137,EQ197,Révision générale,Maintenance Compresseur 197 - Vérification,Normal,Annulé,2025-09-11,2025-09-13,,Jean Leroy,11,
WO3138,EQ466,Amélioration,Maintenance Chaudière 466 - Contrôle,Très urgent,Terminé,2025-05-18,2025-05-27,2025-05-29,Martin Dubois,5,5
WO3139,EQ216,Maintenance corrective,Maintenance Groupe électrogène 216 - Réparation,Normal,Terminé,2025-07-22,2025-07-27,2025-07-26,Sophie Laurent,6,7
WO3140,EQ382,Maintenance corrective,Maintenance Moteur électrique 382 - Contrôle,Très urgent,Annulé,2025-06-28,2025-07-03,,Sophie Laurent,12,
WO3141,EQ012,Révision générale,Maintenance Ventilateur 12 - Contrôle,Normal,Terminé,2025-07-25,2025-07-28,2025-07-27,Jean Leroy,6,4
WO3142,EQ041,Inspection,Maintenance Chaudière 41 - Contrôle,Très urgent,Terminé,2025-08-01,2025-08-02,2025-08-06,Sophie Laurent,14,18
WO3143,EQ429,Amélioration,Maintenance Ventilateur 429 - Contrôle,Très urgent,Terminé,2025-06-27,2025-07-05,2025-07-03,Claire Bernard,12,10
WO3144,EQ309,Nettoyage,Maintenance Robot industriel 309 - Réparation,Très urgent,Annulé,2025-06-17,2025-06-20,,Marie Durand,10,
WO3145,EQ251,Dépannage urgent,Maintenance Presse hydraulique 251 - Vérification,Normal,Terminé,2025-08-25,2025-08-27,2025-09-01,Sophie Laurent,6,6
WO3146,EQ162,Dépannage urgent,Maintenance Convoyeur 162 - Contrôle,Urgent,Terminé,2025-10-03,2025-10-13,2025-10-15,Claire Bernard,12,7
WO3147,EQ173,Amélioration,Maintenance Pompe centrifuge 173 - Contrôle,Très urgent,Terminé,2025-06-18,2025-07-01,2025-06-29,Marie Durand,1,13
WO3148,EQ232,Maintenance préventive,Maintenance Groupe électrogène 232 - Réparation,Urgent,Terminé,2025-07-12,2025-07-25,2025-07-24,Claire Bernard,1,19
WO3149,EQ163,Maintenance préventive,Maintenance Robot industriel 163 - Contrôle,Programmé,Annulé,2025-09-23,2025-10-03,,Pierre Moreau,16,
WO3150,EQ479,Maintenance préventive,Maintenance Presse hydraulique 479 - Vérification,Normal,Terminé,2025-10-10,2025-10-23,2025-10-26,Pierre Moreau,4,7
WO3151,EQ330,Maintenance corrective,Maintenance Convoyeur 330 - Contrôle,Très urgent,Annulé,2025-06-15,2025-06-17,,Jean Leroy,11,
WO3152,EQ013,Dépannage urgent,Maintenance Réducteur 13 - Contrôle,Urgent,Terminé,2025-07-31,2025-08-09,2025-08-12,Marie Durand,8,20
WO3153,EQ483,Dépannage urgent,Maintenance Groupe électrogène 483 - Réparation,Normal,Terminé,2025-09-12,2025-09-26,2025-09-24,Jean Leroy,3,2
WO3154,EQ214,Maintenance corrective,Maintenance Chaudière 214 - Vérification,Programmé,Terminé,2025-09-03,2025-09-16,2025-09-15,Pierre Moreau,5,20
WO3155,EQ321,Dépannage urgent,Maintenance Robot industriel 321 - Vérification,Très urgent,Terminé,2025-06-27,2025-06-28,2025-06-29,Martin Dubois,11,14
WO3156,EQ345,Nettoyage,Maintenance Transformateur 345 - Remplacement,Très urgent,En cours,2025-10-14,2025-10-19,,Pierre Moreau,11,
WO3157,EQ374,Dépannage urgent,Maintenance Réducteur 374 - Vérification,Normal,Terminé,2025-10-19,2025-10-31,2025-11-04,Pierre Moreau,6,16
WO3158,EQ447,Maintenance corrective,Maintenance Robot industriel 447 - Réparation,Normal,Terminé,2025-06-10,2025-06-13,2025-06-18,Claire Bernard,3,14
WO3159,EQ413,Amélioration,Maintenance Transformateur 413 - Remplacement,Normal,Terminé,2025-08-18,2025-08-20,2025-08-24,Pierre Moreau,6,11
WO3160,EQ136,Maintenance corrective,Maintenance Transformateur 136 - Vérification,Programmé,Terminé,2025-05-14,2025-05-24,2025-05-26,Pierre Moreau,13,2
WO3161,EQ055,Maintenance corrective,Maintenance Groupe électrogène 55 - Contrôle,Très urgent,Terminé,2025-10-10,2025-10-24,2025-10-26,Marie Durand,6,18
WO3162,EQ153,Nettoyage,Maintenance Échangeur thermique 153 - Vérification,Très urgent,Annulé,2025-08-05,2025-08-14,,Claire Bernard,3,
WO3163,EQ423,Inspection,Maintenance Compresseur 423 - Réparation,Normal,Annulé,2025-07-30,2025-08-09,,Pierre Moreau,5,
WO3164,EQ113,Maintenance préventive,Maintenance Pompe centrifuge 113 - Vérification,Très urgent,Terminé,2025-08-07,2025-08-12,2025-08-17,Claire Bernard,6,19
WO3165,EQ168,Amélioration,Maintenance Robot industriel 168 - Remplacement,Urgent,En cours,2025-10-18,2025-10-22,,Pierre Moreau,1,
WO3166,EQ347,Maintenance préventive,Maintenance Convoyeur 347 - Vérification,Normal,Annulé,2025-06-06,2025-06-18,,Sophie Laurent,10,
WO3167,EQ370,Maintenance corrective,Maintenance Ventilateur 370 - Vérification,Très urgent,Terminé,2025-09-12,2025-09-22,2025-09-20,Pierre Moreau,5,18
WO3168,EQ049,Maintenance préventive,Maintenance Presse hydraulique 49 - Réparation,Très urgent,Terminé,2025-10-29,2025-11-06,2025-11-09,Martin Dubois,1,10
WO3169,EQ482,Dépannage urgent,Maintenance Échangeur thermique 482 - Remplacement,Programmé,Terminé,2025-06-21,2025-06-24,2025-06-24,Pierre Moreau,16,1
WO3170,EQ143,Maintenance préventive,Maintenance Convoyeur 143 - Remplacement,Normal,Terminé,2025-09-25,2025-10-05,2025-10-08,Jean Leroy,4,6
WO3171,EQ383,Nettoyage,Maintenance Convoyeur 383 - Vérification,Urgent,Annulé,2025-09-10,2025-09-16,,Marie Durand,16,
WO3172,EQ191,Inspection,Maintenance Convoyeur 191 - Réparation,Normal,Terminé,2025-05-24,2025-05-25,2025-05-26,Sophie Laurent,12,5
WO3173,EQ170,Nettoyage,Maintenance Pompe centrifuge 170 - Réparation,Programmé,Terminé,2025-05-09,2025-05-11,2025-05-14,Marie Durand,14,4
WO3174,EQ166,Maintenance corrective,Maintenance Presse hydraulique 166 - Vérification,Très urgent,Terminé,2025-06-18,2025-07-02,2025-07-01,Martin Dubois,6,15
WO3175,EQ263,Nettoyage,Maintenance Presse hydraulique 263 - Contrôle,Très urgent,Terminé,2025-08-08,2025-08-21,2025-08-24,Jean Leroy,15,13
WO3176,EQ076,Maintenance corrective,Maintenance Presse hydraulique 76 - Contrôle,Urgent,Terminé,2025-09-28,2025-10-12,2025-10-16,Claire Bernard,12,19
WO3177,EQ331,Dépannage urgent,Maintenance Moteur électrique 331 - Remplacement,Programmé,Terminé,2025-08-13,2025-08-26,2025-08-24,Martin Dubois,12,9
WO3178,EQ247,Inspection,Maintenance Groupe électrogène 247 - Vérification,Très urgent,Terminé,2025-09-21,2025-10-01,2025-09-30,Martin Dubois,1,2
WO3179,EQ247,Dépannage urgent,Maintenance Groupe électrogène 247 - Contrôle,Urgent,Annulé,2025-06-12,2025-06-14,,Martin Dubois,9,
WO3180,EQ473,Dépannage urgent,Maintenance Échangeur thermique 473 - Vérification,Très urgent,Annulé,2025-06-02,2025-06-15,,Claire Bernard,2,
WO3181,EQ273,Nettoyage,Maintenance Robot industriel 273 - Vérification,Très urgent,Terminé,2025-05-29,2025-05-30,2025-06-02,Pierre Moreau,16,1
WO3182,EQ469,Maintenance préventive,Maintenance Moteur électrique 469 - Remplacement,Très urgent,Terminé,2025-08-01,2025-08-11,2025-08-14,Jean Leroy,8,8
WO3183,EQ285,Nettoyage,Maintenance Transformateur 285 - Vérification,Normal,Terminé,2025-05-21,2025-05-25,2025-05-23,Sophie Laurent,10,10
WO3184,EQ454,Dépannage urgent,Maintenance Transformateur 454 - Réparation,Urgent,Terminé,2025-10-13,2025-10-27,2025-10-31,Pierre Moreau,12,7
WO3185,EQ302,Révision générale,Maintenance Ventilateur 302 - Vérification,Urgent,Terminé,2025-06-01,2025-06-09,2025-06-10,Claire Bernard,7,9
WO3186,EQ339,Amélioration,Maintenance Chaudière 339 - Contrôle,Normal,Terminé,2025-05-20,2025-05-26,2025-05-29,Jean Leroy,14,18
WO3187,EQ474,Maintenance corrective,Maintenance Échangeur thermique 474 - Remplacement,Normal,Terminé,2025-09-16,2025-09-28,2025-09-27,Jean Leroy,2,10
WO3188,EQ425,Dépannage urgent,Maintenance Réducteur 425 - Réparation,Programmé,Terminé,2025-09-01,2025-09-12,2025-09-13,Sophie Laurent,2,11
WO3189,EQ253,Maintenance préventive,Maintenance Robot industriel 253 - Contrôle,Urgent,Terminé,2025-08-11,2025-08-16,2025-08-19,Sophie Laurent,8,8
WO3190,EQ252,Dépannage urgent,Maintenance Robot industriel 252 - Réparation,Normal,Terminé,2025-10-24,2025-10-27,2025-10-30,Jean Leroy,12,7
WO3191,EQ226,Révision générale,Maintenance Convoyeur 226 - Vérification,Urgent,Terminé,2025-06-19,2025-06-25,2025-06-30,Claire Bernard,11,15
WO3192,EQ427,Révision générale,Maintenance Presse hydraulique 427 - Remplacement,Très urgent,Terminé,2025-08-30,2025-09-01,2025-09-06,Pierre Moreau,8,10
WO3193,EQ030,Dépannage urgent,Maintenance Pompe centrifuge 30 - Réparation,Programmé,Terminé,2025-08-15,2025-08-29,2025-08-28,Pierre Moreau,10,15
WO3194,EQ285,Maintenance corrective,Maintenance Transformateur 285 - Remplacement,Très urgent,Terminé,2025-09-09,2025-09-17,2025-09-20,Claire Bernard,14,2
WO3195,EQ241,Inspection,Maintenance Groupe électrogène 241 - Réparation,Urgent,Terminé,2025-08-22,2025-09-03,2025-09-05,Jean Leroy,2,17
WO3196,EQ171,Amélioration,Maintenance Chaudière 171 - Contrôle,Programmé,Terminé,2025-10-16,2025-10-28,2025-10-31,Martin Dubois,7,16
WO3197,EQ317,Maintenance préventive,Maintenance Robot industriel 317 - Vérification,Urgent,Terminé,2025-09-22,2025-09-23,2025-09-23,Marie Durand,15,12
WO3198,EQ315,Maintenance corrective,Maintenance Convoyeur 315 - Vérification,Très urgent,Terminé,2025-07-02,2025-07-08,2025-07-08,Sophie Laurent,13,16
WO3199,EQ215,Nettoyage,Maintenance Compresseur 215 - Vérification,Programmé,Terminé,2025-09-08,2025-09-18,2025-09-18,Sophie Laurent,6,15
WO3200,EQ076,Inspection,Maintenance Presse hydraulique 76 - Remplacement,Programmé,Terminé,2025-06-03,2025-06-06,2025-06-10,Martin Dubois,10,3
WO3201,EQ303,Dépannage urgent,Maintenance Groupe électrogène 303 - Réparation,Très urgent,Terminé,2025-10-28,2025-11-07,2025-11-05,Pierre Moreau,12,20
WO3202,EQ359,Inspection,Maintenance Convoyeur 359 - Remplacement,Programmé,Terminé,2025-06-02,2025-06-08,2025-06-06,Pierre Moreau,15,19
WO3203,EQ276,Nettoyage,Maintenance Réducteur 276 - Réparation,Normal,Annulé,2025-06-29,2025-07-09,,Claire Bernard,10,
WO3204,EQ179,Maintenance corrective,Maintenance Compresseur 179 - Vérification,Urgent,Terminé,2025-07-16,2025-07-18,2025-07-23,Marie Durand,13,12
WO3205,EQ125,Inspection,Maintenance Moteur électrique 125 - Réparation,Urgent,Annulé,2025-09-30,2025-10-08,,Marie Durand,13,
WO3206,EQ475,Maintenance préventive,Maintenance Échangeur thermique 475 - Vérification,Programmé,Terminé,2025-07-20,2025-07-27,2025-07-25,Pierre Moreau,4,6
WO3207,EQ136,Maintenance corrective,Maintenance Transformateur 136 - Réparation,Programmé,Terminé,2025-08-26,2025-09-08,2025-09-09,Claire Bernard,8,10
WO3208,EQ255,Nettoyage,Maintenance Robot industriel 255 - Vérification,Normal,Annulé,2025-09-03,2025-09-07,,Claire Bernard,9,
WO3209,EQ209,Nettoyage,Maintenance Échangeur thermique 209 - Remplacement,Normal,Terminé,2025-08-14,2025-08-16,2025-08-18,Sophie Laurent,8,16
WO3210,EQ129,Amélioration,Maintenance Réducteur 129 - Remplacement,Programmé,Terminé,2025-09-13,2025-09-20,2025-09-18,Sophie Laurent,4,20
WO3211,EQ445,Amélioration,Maintenance Presse hydraulique 445 - Vérification,Urgent,Terminé,2025-07-18,2025-07-26,2025-07-28,Pierre Moreau,3,17
WO3212,EQ279,Nettoyage,Maintenance Presse hydraulique 279 - Contrôle,Très urgent,Terminé,2025-08-12,2025-08-20,2025-08-20,Pierre Moreau,14,5
WO3213,EQ187,Amélioration,Maintenance Moteur électrique 187 - Contrôle,Normal,Terminé,2025-10-21,2025-11-01,2025-10-30,Pierre Moreau,9,12
WO3214,EQ282,Nettoyage,Maintenance Groupe électrogène 282 - Contrôle,Programmé,Terminé,2025-10-16,2025-10-26,2025-10-26,Claire Bernard,8,14
WO3215,EQ388,Maintenance préventive,Maintenance Convoyeur 388 - Vérification,Très urgent,Terminé,2025-06-02,2025-06-15,2025-06-13,Martin Dubois,3,14
WO3216,EQ235,Maintenance corrective,Maintenance Compresseur 235 - Remplacement,Très urgent,Terminé,2025-06-23,2025-07-07,2025-07-05,Sophie Laurent,10,18
WO3217,EQ435,Maintenance corrective,Maintenance Réducteur 435 - Réparation,Très urgent,Terminé,2025-09-23,2025-09-25,2025-09-29,Marie Durand,14,10
WO3218,EQ202,Nettoyage,Maintenance Convoyeur 202 - Vérification,Très urgent,Terminé,2025-05-10,2025-05-15,2025-05-20,Marie Durand,4,11
WO3219,EQ130,Amélioration,Maintenance Réducteur 130 - Remplacement,Très urgent,Terminé,2025-09-21,2025-10-03,2025-10-01,Claire Bernard,3,8
WO3220,EQ304,Révision générale,Maintenance Réducteur 304 - Remplacement,Normal,Terminé,2025-06-12,2025-06-22,2025-06-24,Sophie Laurent,5,10
WO3221,EQ005,Nettoyage,Maintenance Presse hydraulique 05 - Réparation,Urgent,Terminé,2025-09-15,2025-09-21,2025-09-22,Jean Leroy,14,6
WO3222,EQ455,Amélioration,Maintenance Échangeur thermique 455 - Vérification,Urgent,Terminé,2025-10-09,2025-10-23,2025-10-26,Pierre Moreau,4,19
WO3223,EQ046,Nettoyage,Maintenance Robot industriel 46 - Vérification,Urgent,Terminé,2025-07-23,2025-07-24,2025-07-24,Pierre Moreau,3,10
WO3224,EQ085,Dépannage urgent,Maintenance Robot industriel 85 - Vérification,Urgent,Terminé,2025-05-13,2025-05-17,2025-05-22,Claire Bernard,4,2
WO3225,EQ158,Dépannage urgent,Maintenance Groupe électrogène 158 - Remplacement,Normal,Terminé,2025-09-01,2025-09-13,2025-09-17,Claire Bernard,11,7
WO3226,EQ214,Révision générale,Maintenance Chaudière 214 - Réparation,Normal,En cours,2025-10-13,2025-10-14,,Pierre Moreau,10,
WO3227,EQ273,Maintenance préventive,Maintenance Robot industriel 273 - Vérification,Très urgent,Annulé,2025-07-07,2025-07-14,,Sophie Laurent,7,
WO3228,EQ266,Inspection,Maintenance Pompe centrifuge 266 - Contrôle,Normal,En cours,2025-10-23,2025-11-02,,Marie Durand,8,
WO3229,EQ375,Révision générale,Maintenance Moteur électrique 375 - Vérification,Très urgent,Annulé,2025-09-06,2025-09-07,,Jean Leroy,16,
WO3230,EQ209,Nettoyage,Maintenance Échangeur thermique 209 - Remplacement,Programmé,Annulé,2025-05-19,2025-05-28,,Sophie Laurent,1,
WO3231,EQ396,Maintenance préventive,Maintenance Réducteur 396 - Contrôle,Normal,Terminé,2025-09-19,2025-09-21,2025-09-25,Sophie Laurent,15,7
WO3232,EQ290,Maintenance préventive,Maintenance Moteur électrique 290 - Réparation,Normal,Terminé,2025-07-27,2025-08-10,2025-08-11,Jean Leroy,16,7
WO3233,EQ374,Dépannage urgent,Maintenance Réducteur 374 - Remplacement,Très urgent,Terminé,2025-07-15,2025-07-24,2025-07-27,Jean Leroy,14,4
WO3234,EQ052,Dépannage urgent,Maintenance Transformateur 52 - Réparation,Très urgent,Terminé,2025-08-20,2025-08-21,2025-08-20,Claire Bernard,14,16
WO3235,EQ061,Amélioration,Maintenance Pompe centrifuge 61 - Réparation,Normal,Terminé,2025-07-27,2025-08-04,2025-08-05,Claire Bernard,4,14
WO3236,EQ292,Dépannage urgent,Maintenance Presse hydraulique 292 - Remplacement,Urgent,Annulé,2025-06-11,2025-06-19,,Pierre Moreau,10,
WO3237,EQ340,Amélioration,Maintenance Transformateur 340 - Contrôle,Normal,Terminé,2025-07-13,2025-07-21,2025-07-25,Martin Dubois,5,13
WO3238,EQ032,Dépannage urgent,Maintenance Compresseur 32 - Réparation,Programmé,Terminé,2025-06-27,2025-06-28,2025-06-26,Jean Leroy,16,15
WO3239,EQ321,Amélioration,Maintenance Robot industriel 321 - Réparation,Très urgent,Terminé,2025-08-17,2025-08-19,2025-08-19,Claire Bernard,2,3
WO3240,EQ428,Nettoyage,Maintenance Groupe électrogène 428 - Contrôle,Normal,En cours,2025-10-27,2025-11-02,,Pierre Moreau,16,
WO3241,EQ445,Maintenance préventive,Maintenance Presse hydraulique 445 - Remplacement,Très urgent,Terminé,2025-07-02,2025-07-12,2025-07-17,Martin Dubois,11,8
WO3242,EQ060,Maintenance préventive,Maintenance Pompe centrifuge 60 - Vérification,Normal,Terminé,2025-09-29,2025-10-10,2025-10-09,Pierre Moreau,16,2
WO3243,EQ196,Maintenance corrective,Maintenance Moteur électrique 196 - Contrôle,Très urgent,Annulé,2025-06-07,2025-06-11,,Claire Bernard,9,
WO3244,EQ325,Révision générale,Maintenance Échangeur thermique 325 - Remplacement,Très urgent,Terminé,2025-09-09,2025-09-18,2025-09-17,Jean Leroy,13,10
WO3245,EQ048,Inspection,Maintenance Réducteur 48 - Contrôle,Programmé,Terminé,2025-10-21,2025-10-24,2025-10-29,Claire Bernard,2,19
WO3246,EQ352,Maintenance préventive,Maintenance Échangeur thermique 352 - Remplacement,Très urgent,Terminé,2025-09-12,2025-09-22,2025-09-20,Pierre Moreau,7,1
WO3247,EQ090,Maintenance corrective,Maintenance Ventilateur 90 - Réparation,Programmé,Annulé,2025-05-20,2025-05-31,,Jean Leroy,2,
WO3248,EQ323,Inspection,Maintenance Ventilateur 323 - Remplacement,Normal,Terminé,2025-08-27,2025-09-08,2025-09-07,Jean Leroy,9,17
WO3249,EQ150,Maintenance préventive,Maintenance Presse hydraulique 150 - Réparation,Normal,Terminé,2025-10-05,2025-10-06,2025-10-10,Marie Durand,13,4
WO3250,EQ400,Nettoyage,Maintenance Chaudière 400 - Contrôle,Programmé,Annulé,2025-06-20,2025-06-30,,Claire Bernard,2,
WO3251,EQ031,Révision générale,Maintenance Robot industriel 31 - Remplacement,Urgent,Terminé,2025-06-10,2025-06-13,2025-06-16,Martin Dubois,6,10
WO3252,EQ046,Amélioration,Maintenance Robot industriel 46 - Vérification,Très urgent,Terminé,2025-08-24,2025-09-05,2025-09-07,Jean Leroy,10,16
WO3253,EQ342,Inspection,Maintenance Convoyeur 342 - Vérification,Programmé,Terminé,2025-08-14,2025-08-25,2025-08-24,Jean Leroy,13,17
WO3254,EQ338,Inspection,Maintenance Chaudière 338 - Contrôle,Normal,Terminé,2025-08-06,2025-08-15,2025-08-15,Martin Dubois,14,19
WO3255,EQ335,Maintenance préventive,Maintenance Réducteur 335 - Réparation,Urgent,Terminé,2025-07-03,2025-07-05,2025-07-08,Marie Durand,16,17
WO3256,EQ269,Amélioration,Maintenance Échangeur thermique 269 - Réparation,Très urgent,Terminé,2025-05-12,2025-05-18,2025-05-21,Pierre Moreau,8,13
WO3257,EQ316,Maintenance préventive,Maintenance Compresseur 316 - Réparation,Très urgent,Terminé,2025-10-01,2025-10-07,2025-10-08,Claire Bernard,9,2
WO3258,EQ124,Maintenance préventive,Maintenance Groupe électrogène 124 - Remplacement,Urgent,Terminé,2025-09-13,2025-09-16,2025-09-14,Claire Bernard,14,10
WO3259,EQ127,Inspection,Maintenance Compresseur 127 - Contrôle,Programmé,Terminé,2025-06-22,2025-07-04,2025-07-02,Martin Dubois,2,20
WO3260,EQ104,Inspection,Maintenance Transformateur 104 - Remplacement,Normal,Terminé,2025-07-10,2025-07-15,2025-07-15,Jean Leroy,9,1
WO3261,EQ190,Nettoyage,Maintenance Ventilateur 190 - Remplacement,Programmé,Terminé,2025-09-13,2025-09-23,2025-09-25,Sophie Laurent,16,15
WO3262,EQ175,Dépannage urgent,Maintenance Réducteur 175 - Réparation,Programmé,Terminé,2025-10-04,2025-10-18,2025-10-22,Jean Leroy,4,6
WO3263,EQ445,Amélioration,Maintenance Presse hydraulique 445 - Contrôle,Très urgent,Terminé,2025-06-05,2025-06-15,2025-06-19,Marie Durand,9,5
WO3264,EQ484,Inspection,Maintenance Échangeur thermique 484 - Contrôle,Programmé,Terminé,2025-08-03,2025-08-08,2025-08-13,Claire Bernard,2,19
WO3265,EQ155,Nettoyage,Maintenance Groupe électrogène 155 - Remplacement,Programmé,Annulé,2025-06-01,2025-06-07,,Claire Bernard,16,
WO3266,EQ161,Inspection,Maintenance Presse hydraulique 161 - Réparation,Urgent,Annulé,2025-08-07,2025-08-10,,Claire Bernard,2,
WO3267,EQ079,Maintenance corrective,Maintenance Moteur électrique 79 - Remplacement,Programmé,Terminé,2025-09-30,2025-10-11,2025-10-09,Marie Durand,3,6
WO3268,EQ181,Révision générale,Maintenance Chaudière 181 - Réparation,Très urgent,Terminé,2025-08-06,2025-08-17,2025-08-22,Sophie Laurent,13,14
WO3269,EQ109,Maintenance corrective,Maintenance Ventilateur 109 - Remplacement,Urgent,Terminé,2025-07-21,2025-08-01,2025-08-03,Sophie Laurent,14,17
WO3270,EQ222,Amélioration,Maintenance Réducteur 222 - Remplacement,Urgent,Terminé,2025-09-29,2025-10-12,2025-10-11,Marie Durand,9,8
WO3271,EQ251,Dépannage urgent,Maintenance Presse hydraulique 251 - Remplacement,Programmé,Terminé,2025-07-31,2025-08-10,2025-08-13,Claire Bernard,2,3
WO3272,EQ166,Maintenance préventive,Maintenance Presse hydraulique 166 - Réparation,Urgent,Terminé,2025-05-28,2025-06-07,2025-06-06,Sophie Laurent,12,18
WO3273,EQ239,Inspection,Maintenance Transformateur 239 - Remplacement,Urgent,Terminé,2025-07-19,2025-08-01,2025-08-04,Claire Bernard,6,11
WO3274,EQ243,Inspection,Maintenance Presse hydraulique 243 - Réparation,Urgent,Annulé,2025-08-14,2025-08-18,,Sophie Laurent,8,
WO3275,EQ081,Maintenance corrective,Maintenance Ventilateur 81 - Vérification,Très urgent,Ouvert,2025-11-01,2025-11-02,,Jean Leroy,5,
WO3276,EQ241,Amélioration,Maintenance Groupe électrogène 241 - Contrôle,Programmé,Terminé,2025-06-26,2025-07-08,2025-07-09,Martin Dubois,3,4
WO3277,EQ176,Maintenance corrective,Maintenance Groupe électrogène 176 - Réparation,Très urgent,Terminé,2025-08-10,2025-08-11,2025-08-12,Jean Leroy,13,2
WO3278,EQ446,Inspection,Maintenance Presse hydraulique 446 - Réparation,Urgent,Terminé,2025-05-23,2025-05-26,2025-05-30,Jean Leroy,11,14
WO3279,EQ111,Maintenance corrective,Maintenance Presse hydraulique 111 - Contrôle,Urgent,Annulé,2025-08-20,2025-08-27,,Martin Dubois,1,
WO3280,EQ168,Nettoyage,Maintenance Robot industriel 168 - Réparation,Très urgent,Annulé,2025-09-25,2025-09-27,,Marie Durand,7,
WO3281,EQ044,Dépannage urgent,Maintenance Moteur électrique 44 - Remplacement,Urgent,Terminé,2025-08-07,2025-08-17,2025-08-22,Martin Dubois,7,15
WO3282,EQ253,Dépannage urgent,Maintenance Robot industriel 253 - Remplacement,Normal,Terminé,2025-09-14,2025-09-16,2025-09-18,Claire Bernard,5,13
WO3283,EQ201,Révision générale,Maintenance Réducteur 201 - Remplacement,Normal,Terminé,2025-08-25,2025-08-29,2025-08-28,Pierre Moreau,3,6
WO3284,EQ450,Maintenance corrective,Maintenance Pompe centrifuge 450 - Remplacement,Très urgent,Terminé,2025-07-27,2025-08-01,2025-07-31,Martin Dubois,15,17
WO3285,EQ463,Maintenance corrective,Maintenance Compresseur 463 - Contrôle,Très urgent,Terminé,2025-07-25,2025-07-30,2025-07-29,Pierre Moreau,15,1
WO3286,EQ066,Dépannage urgent,Maintenance Ventilateur 66 - Remplacement,Normal,Terminé,2025-08-18,2025-08-19,2025-08-22,Pierre Moreau,16,3
WO3287,EQ441,Maintenance corrective,Maintenance Chaudière 441 - Remplacement,Très urgent,Annulé,2025-08-14,2025-08-20,,Pierre Moreau,15,
WO3288,EQ102,Maintenance corrective,Maintenance Pompe centrifuge 102 - Réparation,Normal,Terminé,2025-08-30,2025-09-11,2025-09-10,Sophie Laurent,16,16
WO3289,EQ032,Maintenance préventive,Maintenance Compresseur 32 - Contrôle,Normal,Terminé,2025-06-27,2025-06-29,2025-06-30,Claire Bernard,16,8
WO3290,EQ122,Nettoyage,Maintenance Convoyeur 122 - Contrôle,Très urgent,Terminé,2025-05-20,2025-05-23,2025-05-22,Pierre Moreau,7,4
WO3291,EQ124,Révision générale,Maintenance Groupe électrogène 124 - Remplacement,Normal,Terminé,2025-07-01,2025-07-11,2025-07-14,Jean Leroy,8,10
WO3292,EQ322,Nettoyage,Maintenance Ventilateur 322 - Contrôle,Normal,Terminé,2025-05-24,2025-06-07,2025-06-05,Marie Durand,1,11
WO3293,EQ215,Nettoyage,Maintenance Compresseur 215 - Vérification,Urgent,Terminé,2025-06-15,2025-06-29,2025-07-03,Sophie Laurent,12,20
WO3294,EQ352,Inspection,Maintenance Échangeur thermique 352 - Réparation,Normal,Terminé,2025-05-28,2025-06-06,2025-06-04,Sophie Laurent,1,17
WO3295,EQ350,Nettoyage,Maintenance Moteur électrique 350 - Vérification,Urgent,Terminé,2025-08-02,2025-08-15,2025-08-18,Claire Bernard,11,12
WO3296,EQ404,Maintenance corrective,Maintenance Presse hydraulique 404 - Vérification,Programmé,Terminé,2025-05-30,2025-06-10,2025-06-14,Marie Durand,5,14
WO3297,EQ372,Maintenance préventive,Maintenance Échangeur thermique 372 - Contrôle,Normal,Terminé,2025-09-08,2025-09-14,2025-09-17,Sophie Laurent,1,15
WO3298,EQ208,Nettoyage,Maintenance Groupe électrogène 208 - Remplacement,Programmé,Terminé,2025-07-16,2025-07-19,2025-07-24,Martin Dubois,9,20
WO3299,EQ077,Maintenance préventive,Maintenance Compresseur 77 - Remplacement,Très urgent,Terminé,2025-06-15,2025-06-24,2025-06-25,Jean Leroy,11,6
WO3300,EQ170,Inspection,Maintenance Pompe centrifuge 170 - Réparation,Normal,Terminé,2025-06-16,2025-06-22,2025-06-20,Jean Leroy,12,15
WO3301,EQ105,Maintenance préventive,Maintenance Moteur électrique 105 - Remplacement,Très urgent,Annulé,2025-05-30,2025-05-31,,Pierre Moreau,10,
WO3302,EQ005,Inspection,Maintenance Presse hydraulique 05 - Réparation,Programmé,Annulé,2025-08-09,2025-08-11,,Jean Leroy,3,
WO3303,EQ072,Révision générale,Maintenance Presse hydraulique 72 - Remplacement,Programmé,Terminé,2025-10-29,2025-11-07,2025-11-09,Martin Dubois,6,13
WO3304,EQ472,Maintenance préventive,Maintenance Groupe électrogène 472 - Vérification,Normal,Annulé,2025-06-03,2025-06-05,,Jean Leroy,7,
WO3305,EQ122,Maintenance corrective,Maintenance Convoyeur 122 - Contrôle,Programmé,Terminé,2025-06-20,2025-06-30,2025-07-03,Martin Dubois,5,7
WO3306,EQ462,Nettoyage,Maintenance Groupe électrogène 462 - Vérification,Normal,Terminé,2025-07-07,2025-07-10,2025-07-15,Sophie Laurent,7,3
WO3307,EQ305,Maintenance préventive,Maintenance Moteur électrique 305 - Réparation,Très urgent,Terminé,2025-07-12,2025-07-13,2025-07-16,Jean Leroy,10,13
WO3308,EQ170,Révision générale,Maintenance Pompe centrifuge 170 - Contrôle,Normal,Annulé,2025-06-12,2025-06-24,,Jean Leroy,10,
WO3309,EQ289,Maintenance corrective,Maintenance Convoyeur 289 - Contrôle,Programmé,Terminé,2025-10-24,2025-10-31,2025-11-03,Sophie Laurent,12,3
WO3310,EQ435,Maintenance préventive,Maintenance Réducteur 435 - Réparation,Normal,Ouvert,2025-10-31,2025-11-11,,Pierre Moreau,15,
WO3311,EQ348,Dépannage urgent,Maintenance Transformateur 348 - Contrôle,Normal,Annulé,2025-05-18,2025-05-21,,Martin Dubois,3,
WO3312,EQ441,Amélioration,Maintenance Chaudière 441 - Contrôle,Programmé,Annulé,2025-08-18,2025-08-22,,Jean Leroy,16,
WO3313,EQ487,Inspection,Maintenance Chaudière 487 - Contrôle,Normal,Terminé,2025-08-18,2025-08-21,2025-08-19,Martin Dubois,12,14
WO3314,EQ456,Maintenance corrective,Maintenance Groupe électrogène 456 - Remplacement,Normal,Terminé,2025-06-14,2025-06-15,2025-06-19,Sophie Laurent,10,10
WO3315,EQ278,Inspection,Maintenance Presse hydraulique 278 - Remplacement,Urgent,Terminé,2025-10-06,2025-10-18,2025-10-18,Marie Durand,2,19
WO3316,EQ068,Révision générale,Maintenance Presse hydraulique 68 - Vérification,Urgent,Annulé,2025-07-18,2025-07-28,,Sophie Laurent,7,
WO3317,EQ326,Amélioration,Maintenance Convoyeur 326 - Vérification,Urgent,Terminé,2025-08-27,2025-08-28,2025-09-01,Martin Dubois,14,5
WO3318,EQ241,Amélioration,Maintenance Groupe électrogène 241 - Vérification,Normal,Terminé,2025-09-20,2025-09-24,2025-09-25,Jean Leroy,3,20
WO3319,EQ480,Révision générale,Maintenance Robot industriel 480 - Remplacement,Programmé,Annulé,2025-09-05,2025-09-12,,Claire Bernard,5,
WO3320,EQ047,Inspection,Maintenance Transformateur 47 - Réparation,Normal,Annulé,2025-06-04,2025-06-17,,Jean Leroy,1,
WO3321,EQ334,Révision générale,Maintenance Réducteur 334 - Vérification,Normal,En cours,2025-10-22,2025-10-29,,Pierre Moreau,12,
WO3322,EQ355,Maintenance corrective,Maintenance Moteur électrique 355 - Contrôle,Normal,Terminé,2025-08-03,2025-08-12,2025-08-14,Pierre Moreau,6,5
WO3323,EQ339,Maintenance préventive,Maintenance Chaudière 339 - Contrôle,Urgent,Terminé,2025-08-02,2025-08-05,2025-08-10,Claire Bernard,15,7
WO3324,EQ036,Amélioration,Maintenance Échangeur thermique 36 - Réparation,Très urgent,Terminé,2025-09-12,2025-09-16,2025-09-14,Pierre Moreau,15,16
WO3325,EQ455,Inspection,Maintenance Échangeur thermique 455 - Vérification,Très urgent,Terminé,2025-08-13,2025-08-26,2025-08-24,Pierre Moreau,8,2
WO3326,EQ012,Dépannage urgent,Maintenance Ventilateur 12 - Vérification,Programmé,Annulé,2025-07-03,2025-07-16,,Marie Durand,6,
WO3327,EQ317,Maintenance corrective,Maintenance Robot industriel 317 - Remplacement,Urgent,Annulé,2025-06-08,2025-06-11,,Claire Bernard,8,
WO3328,EQ331,Inspection,Maintenance Moteur électrique 331 - Remplacement,Très urgent,Terminé,2025-07-01,2025-07-13,2025-07-13,Claire Bernard,9,2
WO3329,EQ396,Inspection,Maintenance Réducteur 396 - Contrôle,Très urgent,Terminé,2025-05-28,2025-06-08,2025-06-13,Martin Dubois,5,11
WO3330,EQ372,Maintenance préventive,Maintenance Échangeur thermique 372 - Réparation,Très urgent,Terminé,2025-10-24,2025-10-31,2025-11-04,Claire Bernard,2,16
WO3331,EQ489,Révision générale,Maintenance Ventilateur 489 - Réparation,Très urgent,En cours,2025-10-15,2025-10-29,,Pierre Moreau,13,
WO3332,EQ420,Maintenance préventive,Maintenance Échangeur thermique 420 - Réparation,Programmé,Annulé,2025-05-16,2025-05-27,,Martin Dubois,14,
WO3333,EQ171,Amélioration,Maintenance Chaudière 171 - Remplacement,Programmé,Terminé,2025-08-26,2025-09-01,2025-09-03,Claire Bernard,16,18
WO3334,EQ378,Révision générale,Maintenance Réducteur 378 - Remplacement,Très urgent,Terminé,2025-10-04,2025-10-10,2025-10-08,Pierre Moreau,4,5
WO3335,EQ396,Inspection,Maintenance Réducteur 396 - Vérification,Très urgent,Terminé,2025-08-15,2025-08-29,2025-09-01,Claire Bernard,14,5
WO3336,EQ306,Maintenance préventive,Maintenance Robot industriel 306 - Vérification,Programmé,Terminé,2025-10-06,2025-10-11,2025-10-10,Jean Leroy,14,7
WO3337,EQ063,Dépannage urgent,Maintenance Convoyeur 63 - Remplacement,Très urgent,Annulé,2025-07-12,2025-07-20,,Sophie Laurent,11,
WO3338,EQ242,Maintenance corrective,Maintenance Réducteur 242 - Vérification,Urgent,Terminé,2025-07-30,2025-08-05,2025-08-03,Pierre Moreau,15,14
WO3339,EQ271,Maintenance préventive,Maintenance Moteur électrique 271 - Réparation,Programmé,Terminé,2025-05-25,2025-06-04,2025-06-03,Sophie Laurent,1,15
WO3340,EQ296,Nettoyage,Maintenance Groupe électrogène 296 - Contrôle,Programmé,Terminé,2025-08-29,2025-09-02,2025-09-05,Jean Leroy,11,10
WO3341,EQ036,Maintenance préventive,Maintenance Échangeur thermique 36 - Réparation,Très urgent,En cours,2025-10-14,2025-10-28,,Marie Durand,13,
WO3342,EQ240,Dépannage urgent,Maintenance Convoyeur 240 - Vérification,Programmé,Terminé,2025-08-23,2025-09-03,2025-09-07,Claire Bernard,3,9
WO3343,EQ344,Dépannage urgent,Maintenance Ventilateur 344 - Vérification,Urgent,Terminé,2025-08-30,2025-09-12,2025-09-13,Claire Bernard,8,17
WO3344,EQ248,Révision générale,Maintenance Moteur électrique 248 - Réparation,Très urgent,Annulé,2025-05-30,2025-06-10,,Martin Dubois,9,
WO3345,EQ486,Dépannage urgent,Maintenance Robot industriel 486 - Contrôle,Programmé,Terminé,2025-05-15,2025-05-16,2025-05-20,Jean Leroy,2,19
WO3346,EQ145,Maintenance corrective,Maintenance Ventilateur 145 - Réparation,Programmé,Annulé,2025-07-10,2025-07-23,,Claire Bernard,15,
WO3347,EQ118,Dépannage urgent,Maintenance Moteur électrique 118 - Remplacement,Urgent,Terminé,2025-06-16,2025-06-25,2025-06-30,Claire Bernard,7,3
WO3348,EQ102,Nettoyage,Maintenance Pompe centrifuge 102 - Vérification,Urgent,Annulé,2025-09-17,2025-09-28,,Pierre Moreau,1,
WO3349,EQ037,Inspection,Maintenance Robot industriel 37 - Contrôle,Normal,Terminé,2025-05-15,2025-05-20,2025-05-25,Martin Dubois,9,13
WO3350,EQ074,Maintenance corrective,Maintenance Transformateur 74 - Réparation,Urgent,Terminé,2025-08-12,2025-08-22,2025-08-22,Marie Durand,2,16
WO3351,EQ126,Amélioration,Maintenance Compresseur 126 - Réparation,Normal,Terminé,2025-06-20,2025-06-24,2025-06-27,Marie Durand,14,11
WO3352,EQ086,Inspection,Maintenance Presse hydraulique 86 - Vérification,Urgent,Annulé,2025-05-09,2025-05-21,,Marie Durand,8,
WO3353,EQ360,Révision générale,Maintenance Moteur électrique 360 - Contrôle,Normal,Terminé,2025-08-22,2025-09-01,2025-09-02,Claire Bernard,16,7
WO3354,EQ270,Inspection,Maintenance Convoyeur 270 - Vérification,Programmé,Terminé,2025-06-07,2025-06-18,2025-06-16,Pierre Moreau,8,1
WO3355,EQ272,Révision générale,Maintenance Transformateur 272 - Réparation,Normal,Terminé,2025-06-09,2025-06-18,2025-06-16,Claire Bernard,9,17
WO3356,EQ218,Maintenance préventive,Maintenance Chaudière 218 - Réparation,Urgent,Terminé,2025-10-19,2025-10-27,2025-10-28,Claire Bernard,13,10
WO3357,EQ232,Maintenance préventive,Maintenance Groupe électrogène 232 - Contrôle,Très urgent,Terminé,2025-08-03,2025-08-14,2025-08-13,Claire Bernard,14,19
WO3358,EQ043,Maintenance préventive,Maintenance Convoyeur 43 - Remplacement,Urgent,Terminé,2025-09-09,2025-09-20,2025-09-23,Pierre Moreau,10,16
WO3359,EQ022,Inspection,Maintenance Échangeur thermique 22 - Contrôle,Urgent,Terminé,2025-05-29,2025-06-08,2025-06-12,Jean Leroy,11,8
WO3360,EQ114,Inspection,Maintenance Échangeur thermique 114 - Réparation,Très urgent,Terminé,2025-10-12,2025-10-24,2025-10-22,Jean Leroy,7,19
WO3361,EQ277,Révision générale,Maintenance Échangeur thermique 277 - Réparation,Normal,Annulé,2025-05-29,2025-05-31,,Sophie Laurent,16,
WO3362,EQ103,Nettoyage,Maintenance Ventilateur 103 - Vérification,Normal,Terminé,2025-06-11,2025-06-25,2025-06-30,Pierre Moreau,9,5
WO3363,EQ406,Dépannage urgent,Maintenance Réducteur 406 - Contrôle,Programmé,Terminé,2025-06-24,2025-06-30,2025-07-04,Claire Bernard,5,3
WO3364,EQ061,Maintenance corrective,Maintenance Pompe centrifuge 61 - Remplacement,Très urgent,Terminé,2025-06-22,2025-07-01,2025-07-04,Pierre Moreau,2,13
WO3365,EQ026,Révision générale,Maintenance Transformateur 26 - Réparation,Programmé,Terminé,2025-08-27,2025-09-10,2025-09-10,Sophie Laurent,11,13
WO3366,EQ072,Dépannage urgent,Maintenance Presse hydraulique 72 - Contrôle,Programmé,Terminé,2025-06-13,2025-06-14,2025-06-13,Marie Durand,12,19
WO3367,EQ288,Maintenance préventive,Maintenance Moteur électrique 288 - Remplacement,Très urgent,Terminé,2025-08-17,2025-08-21,2025-08-21,Marie Durand,7,13
WO3368,EQ105,Maintenance corrective,Maintenance Moteur électrique 105 - Remplacement,Très urgent,Terminé,2025-10-12,2025-10-16,2025-10-18,Pierre Moreau,9,10
WO3369,EQ025,Inspection,Maintenance Robot industriel 25 - Vérification,Normal,Annulé,2025-07-24,2025-07-25,,Martin Dubois,4,
WO3370,EQ340,Révision générale,Maintenance Transformateur 340 - Contrôle,Urgent,Terminé,2025-10-28,2025-11-02,2025-11-03,Pierre Moreau,6,15
WO3371,EQ008,Maintenance préventive,Maintenance Convoyeur 08 - Remplacement,Très urgent,Terminé,2025-09-01,2025-09-12,2025-09-15,Marie Durand,14,17
WO3372,EQ301,Maintenance corrective,Maintenance Pompe centrifuge 301 - Remplacement,Normal,Terminé,2025-07-04,2025-07-07,2025-07-08,Claire Bernard,15,7
WO3373,EQ031,Maintenance préventive,Maintenance Robot industriel 31 - Vérification,Normal,Terminé,2025-06-04,2025-06-13,2025-06-15,Marie Durand,13,5
WO3374,EQ309,Maintenance préventive,Maintenance Robot industriel 309 - Réparation,Normal,Terminé,2025-09-05,2025-09-19,2025-09-18,Claire Bernard,2,5
WO3375,EQ001,Révision générale,Maintenance Pompe centrifuge 01 - Vérification,Programmé,Terminé,2025-08-12,2025-08-25,2025-08-28,Claire Bernard,4,10
WO3376,EQ268,Maintenance préventive,Maintenance Compresseur 268 - Remplacement,Programmé,Terminé,2025-10-10,2025-10-18,2025-10-22,Sophie Laurent,3,18
WO3377,EQ468,Nettoyage,Maintenance Pompe centrifuge 468 - Vérification,Très urgent,Terminé,2025-08-23,2025-08-27,2025-08-25,Pierre Moreau,3,10
WO3378,EQ414,Maintenance préventive,Maintenance Pompe centrifuge 414 - Vérification,Normal,Terminé,2025-09-16,2025-09-28,2025-09-26,Claire Bernard,1,12
WO3379,EQ092,Maintenance corrective,Maintenance Transformateur 92 - Réparation,Programmé,Terminé,2025-09-18,2025-09-23,2025-09-25,Claire Bernard,3,6
WO3380,EQ302,Inspection,Maintenance Ventilateur 302 - Remplacement,Normal,Terminé,2025-08-02,2025-08-06,2025-08-07,Pierre Moreau,16,14
WO3381,EQ143,Inspection,Maintenance Convoyeur 143 - Contrôle,Très urgent,Terminé,2025-05-20,2025-05-23,2025-05-28,Jean Leroy,11,6
WO3382,EQ413,Révision générale,Maintenance Transformateur 413 - Remplacement,Très urgent,Terminé,2025-07-24,2025-07-28,2025-07-27,Claire Bernard,2,4
WO3383,EQ327,Dépannage urgent,Maintenance Presse hydraulique 327 - Remplacement,Très urgent,Terminé,2025-10-27,2025-11-10,2025-11-14,Martin Dubois,9,1
WO3384,EQ075,Amélioration,Maintenance Échangeur thermique 75 - Remplacement,Normal,Terminé,2025-09-25,2025-10-02,2025-10-05,Pierre Moreau,16,16
WO3385,EQ089,Maintenance corrective,Maintenance Pompe centrifuge 89 - Remplacement,Programmé,Terminé,2025-08-24,2025-08-27,2025-08-28,Pierre Moreau,11,1
WO3386,EQ200,Maintenance préventive,Maintenance Ventilateur 200 - Remplacement,Programmé,Terminé,2025-08-29,2025-09-09,2025-09-14,Martin Dubois,10,4
WO3387,EQ083,Maintenance préventive,Maintenance Échangeur thermique 83 - Réparation,Très urgent,Annulé,2025-06-25,2025-06-30,,Claire Bernard,10,
WO3388,EQ384,Révision générale,Maintenance Transformateur 384 - Vérification,Urgent,Terminé,2025-09-24,2025-09-25,2025-09-25,Claire Bernard,8,15
WO3389,EQ125,Dépannage urgent,Maintenance Moteur électrique 125 - Réparation,Normal,En cours,2025-10-17,2025-10-26,,Marie Durand,2,
WO3390,EQ173,Dépannage urgent,Maintenance Pompe centrifuge 173 - Remplacement,Programmé,Annulé,2025-05-23,2025-05-24,,Claire Bernard,11,
WO3391,EQ244,Inspection,Maintenance Transformateur 244 - Réparation,Normal,Terminé,2025-08-31,2025-09-07,2025-09-08,Sophie Laurent,6,5
WO3392,EQ003,Révision générale,Maintenance Presse hydraulique 03 - Réparation,Très urgent,Annulé,2025-07-13,2025-07-24,,Martin Dubois,6,
WO3393,EQ169,Nettoyage,Maintenance Compresseur 169 - Contrôle,Normal,Terminé,2025-07-16,2025-07-18,2025-07-21,Marie Durand,16,13
WO3394,EQ499,Maintenance préventive,Maintenance Presse hydraulique 499 - Réparation,Programmé,Terminé,2025-07-30,2025-08-11,2025-08-10,Jean Leroy,9,12
WO3395,EQ467,Maintenance préventive,Maintenance Chaudière 467 - Remplacement,Programmé,Terminé,2025-09-01,2025-09-12,2025-09-10,Marie Durand,4,13
WO3396,EQ412,Amélioration,Maintenance Chaudière 412 - Contrôle,Normal,Annulé,2025-05-14,2025-05-20,,Marie Durand,13,
WO3397,EQ355,Inspection,Maintenance Moteur électrique 355 - Réparation,Urgent,Annulé,2025-09-21,2025-10-05,,Claire Bernard,4,
WO3398,EQ289,Révision générale,Maintenance Convoyeur 289 - Contrôle,Très urgent,Terminé,2025-07-25,2025-08-01,2025-08-03,Martin Dubois,4,8
WO3399,EQ454,Révision générale,Maintenance Transformateur 454 - Vérification,Normal,Terminé,2025-09-18,2025-09-26,2025-09-27,Marie Durand,14,16
WO3400,EQ346,Inspection,Maintenance Ventilateur 346 - Contrôle,Très urgent,Annulé,2025-05-21,2025-05-26,,Marie Durand,3,
WO3401,EQ162,Amélioration,Maintenance Convoyeur 162 - Vérification,Programmé,Terminé,2025-06-07,2025-06-11,2025-06-10,Claire Bernard,16,10
WO3402,EQ245,Inspection,Maintenance Chaudière 245 - Vérification,Urgent,Annulé,2025-06-16,2025-06-24,,Claire Bernard,4,
WO3403,EQ334,Dépannage urgent,Maintenance Réducteur 334 - Vérification,Très urgent,Terminé,2025-07-02,2025-07-06,2025-07-06,Sophie Laurent,14,14
WO3404,EQ329,Maintenance préventive,Maintenance Convoyeur 329 - Vérification,Très urgent,Annulé,2025-08-26,2025-09-05,,Claire Bernard,10,
WO3405,EQ194,Nettoyage,Maintenance Convoyeur 194 - Contrôle,Programmé,Ouvert,2025-10-31,2025-11-08,,Jean Leroy,15,
WO3406,EQ137,Inspection,Maintenance Chaudière 137 - Réparation,Très urgent,Terminé,2025-09-18,2025-09-22,2025-09-26,Marie Durand,16,19
WO3407,EQ363,Maintenance préventive,Maintenance Transformateur 363 - Réparation,Urgent,Terminé,2025-06-07,2025-06-16,2025-06-18,Sophie Laurent,8,15
WO3408,EQ498,Maintenance préventive,Maintenance Réducteur 498 - Remplacement,Normal,Terminé,2025-07-28,2025-08-04,2025-08-02,Pierre Moreau,7,12
WO3409,EQ261,Amélioration,Maintenance Presse hydraulique 261 - Remplacement,Urgent,Terminé,2025-07-24,2025-07-30,2025-08-01,Martin Dubois,9,17
WO3410,EQ072,Révision générale,Maintenance Presse hydraulique 72 - Contrôle,Programmé,Terminé,2025-09-29,2025-10-05,2025-10-03,Claire Bernard,12,12
WO3411,EQ433,Révision générale,Maintenance Groupe électrogène 433 - Vérification,Urgent,Annulé,2025-06-12,2025-06-25,,Jean Leroy,1,
WO3412,EQ240,Maintenance corrective,Maintenance Convoyeur 240 - Réparation,Normal,Annulé,2025-06-03,2025-06-14,,Pierre Moreau,9,
WO3413,EQ058,Nettoyage,Maintenance Chaudière 58 - Vérification,Programmé,Terminé,2025-06-19,2025-06-20,2025-06-18,Martin Dubois,7,4
WO3414,EQ176,Maintenance corrective,Maintenance Groupe électrogène 176 - Vérification,Urgent,Terminé,2025-09-15,2025-09-24,2025-09-22,Pierre Moreau,9,17
WO3415,EQ197,Maintenance préventive,Maintenance Compresseur 197 - Vérification,Normal,Terminé,2025-10-24,2025-10-29,2025-10-28,Claire Bernard,9,6
WO3416,EQ284,Maintenance corrective,Maintenance Presse hydraulique 284 - Vérification,Très urgent,Terminé,2025-05-17,2025-05-24,2025-05-23,Martin Dubois,9,3
WO3417,EQ161,Révision générale,Maintenance Presse hydraulique 161 - Remplacement,Programmé,Terminé,2025-07-07,2025-07-14,2025-07-12,Pierre Moreau,12,1
WO3418,EQ328,Maintenance préventive,Maintenance Compresseur 328 - Vérification,Programmé,Annulé,2025-06-30,2025-07-04,,Jean Leroy,4,
WO3419,EQ116,Maintenance corrective,Maintenance Compresseur 116 - Contrôle,Urgent,Terminé,2025-05-20,2025-05-21,2025-05-26,Jean Leroy,8,19
WO3420,EQ354,Dépannage urgent,Maintenance Transformateur 354 - Remplacement,Très urgent,Terminé,2025-07-04,2025-07-15,2025-07-19,Sophie Laurent,4,4
WO3421,EQ081,Maintenance corrective,Maintenance Ventilateur 81 - Réparation,Programmé,Terminé,2025-07-12,2025-07-18,2025-07-23,Jean Leroy,5,13
WO3422,EQ500,Maintenance préventive,Maintenance Échangeur thermique 500 - Remplacement,Programmé,En cours,2025-11-02,2025-11-08,,Marie Durand,2,
WO3423,EQ034,Dépannage urgent,Maintenance Presse hydraulique 34 - Remplacement,Programmé,Annulé,2025-07-03,2025-07-11,,Pierre Moreau,13,
WO3424,EQ371,Maintenance préventive,Maintenance Groupe électrogène 371 - Contrôle,Urgent,Terminé,2025-08-05,2025-08-18,2025-08-17,Sophie Laurent,12,4
WO3425,EQ486,Révision générale,Maintenance Robot industriel 486 - Remplacement,Urgent,Terminé,2025-06-29,2025-06-30,2025-07-05,Marie Durand,3,13
WO3426,EQ122,Inspection,Maintenance Convoyeur 122 - Remplacement,Normal,Terminé,2025-08-12,2025-08-16,2025-08-15,Claire Bernard,4,19
WO3427,EQ196,Révision générale,Maintenance Moteur électrique 196 - Réparation,Urgent,Terminé,2025-08-13,2025-08-16,2025-08-14,Martin Dubois,10,14
WO3428,EQ445,Nettoyage,Maintenance Presse hydraulique 445 - Réparation,Programmé,En cours,2025-10-26,2025-10-27,,Claire Bernard,11,
WO3429,EQ434,Maintenance corrective,Maintenance Chaudière 434 - Vérification,Programmé,Annulé,2025-05-31,2025-06-03,,Jean Leroy,14,
WO3430,EQ121,Amélioration,Maintenance Convoyeur 121 - Contrôle,Très urgent,Annulé,2025-05-27,2025-05-28,,Martin Dubois,6,
WO3431,EQ170,Révision générale,Maintenance Pompe centrifuge 170 - Vérification,Normal,Terminé,2025-06-04,2025-06-10,2025-06-10,Marie Durand,9,10
WO3432,EQ283,Révision générale,Maintenance Ventilateur 283 - Vérification,Très urgent,Annulé,2025-09-21,2025-10-05,,Claire Bernard,5,
WO3433,EQ046,Révision générale,Maintenance Robot industriel 46 - Contrôle,Très urgent,En cours,2025-10-15,2025-10-19,,Pierre Moreau,5,
WO3434,EQ195,Inspection,Maintenance Réducteur 195 - Vérification,Normal,Terminé,2025-07-27,2025-08-09,2025-08-09,Sophie Laurent,2,5
WO3435,EQ445,Révision générale,Maintenance Presse hydraulique 445 - Vérification,Très urgent,Terminé,2025-08-16,2025-08-25,2025-08-24,Pierre Moreau,4,10
WO3436,EQ088,Maintenance préventive,Maintenance Moteur électrique 88 - Remplacement,Très urgent,Terminé,2025-08-09,2025-08-23,2025-08-21,Pierre Moreau,2,6
WO3437,EQ151,Maintenance préventive,Maintenance Pompe centrifuge 151 - Remplacement,Programmé,Terminé,2025-05-23,2025-05-25,2025-05-25,Sophie Laurent,8,2
WO3438,EQ082,Amélioration,Maintenance Réducteur 82 - Vérification,Très urgent,Terminé,2025-06-27,2025-06-28,2025-07-03,Martin Dubois,8,8
WO3439,EQ219,Inspection,Maintenance Convoyeur 219 - Remplacement,Urgent,Terminé,2025-07-20,2025-07-21,2025-07-23,Jean Leroy,15,13
WO3440,EQ055,Maintenance corrective,Maintenance Groupe électrogène 55 - Réparation,Normal,Terminé,2025-08-02,2025-08-12,2025-08-17,Pierre Moreau,16,16
WO3441,EQ454,Révision générale,Maintenance Transformateur 454 - Vérification,Urgent,Terminé,2025-10-13,2025-10-25,2025-10-28,Claire Bernard,9,9
WO3442,EQ113,Maintenance préventive,Maintenance Pompe centrifuge 113 - Vérification,Programmé,Terminé,2025-08-03,2025-08-09,2025-08-11,Marie Durand,13,19
WO3443,EQ227,Nettoyage,Maintenance Transformateur 227 - Contrôle,Très urgent,Terminé,2025-10-20,2025-11-03,2025-11-05,Pierre Moreau,16,19
WO3444,EQ406,Dépannage urgent,Maintenance Réducteur 406 - Réparation,Normal,Terminé,2025-08-16,2025-08-30,2025-09-03,Marie Durand,6,11
WO3445,EQ264,Maintenance préventive,Maintenance Ventilateur 264 - Vérification,Normal,Terminé,2025-05-20,2025-05-30,2025-05-31,Marie Durand,4,1
WO3446,EQ343,Dépannage urgent,Maintenance Transformateur 343 - Remplacement,Programmé,Terminé,2025-08-12,2025-08-17,2025-08-22,Jean Leroy,6,13
WO3447,EQ438,Maintenance corrective,Maintenance Presse hydraulique 438 - Réparation,Programmé,Terminé,2025-08-10,2025-08-21,2025-08-20,Marie Durand,1,20
WO3448,EQ303,Maintenance corrective,Maintenance Groupe électrogène 303 - Vérification,Normal,Terminé,2025-09-11,2025-09-13,2025-09-17,Pierre Moreau,15,11
WO3449,EQ149,Nettoyage,Maintenance Compresseur 149 - Vérification,Urgent,Annulé,2025-05-20,2025-05-21,,Martin Dubois,14,
WO3450,EQ453,Nettoyage,Maintenance Groupe électrogène 453 - Vérification,Très urgent,Terminé,2025-06-13,2025-06-22,2025-06-25,Jean Leroy,10,19
WO3451,EQ149,Nettoyage,Maintenance Compresseur 149 - Contrôle,Programmé,Terminé,2025-08-14,2025-08-25,2025-08-28,Claire Bernard,10,20
WO3452,EQ300,Maintenance préventive,Maintenance Chaudière 300 - Réparation,Très urgent,Terminé,2025-09-13,2025-09-17,2025-09-18,Sophie Laurent,7,4
WO3453,EQ260,Dépannage urgent,Maintenance Pompe centrifuge 260 - Remplacement,Très urgent,Annulé,2025-10-03,2025-10-07,,Marie Durand,13,
WO3454,EQ266,Révision générale,Maintenance Pompe centrifuge 266 - Vérification,Très urgent,Terminé,2025-06-15,2025-06-22,2025-06-27,Pierre Moreau,8,8
WO3455,EQ438,Nettoyage,Maintenance Presse hydraulique 438 - Réparation,Très urgent,Terminé,2025-05-20,2025-05-26,2025-05-31,Sophie Laurent,5,10
WO3456,EQ103,Révision générale,Maintenance Ventilateur 103 - Remplacement,Programmé,Annulé,2025-08-06,2025-08-10,,Claire Bernard,15,
WO3457,EQ184,Dépannage urgent,Maintenance Robot industriel 184 - Remplacement,Urgent,Terminé,2025-09-20,2025-09-24,2025-09-25,Sophie Laurent,14,12
WO3458,EQ397,Dépannage urgent,Maintenance Presse hydraulique 397 - Contrôle,Urgent,Terminé,2025-08-03,2025-08-08,2025-08-07,Claire Bernard,9,13
WO3459,EQ473,Inspection,Maintenance Échangeur thermique 473 - Vérification,Très urgent,En cours,2025-10-26,2025-11-03,,Marie Durand,12,
WO3460,EQ042,Amélioration,Maintenance Moteur électrique 42 - Réparation,Urgent,Terminé,2025-07-13,2025-07-24,2025-07-24,Jean Leroy,15,7
WO3461,EQ260,Dépannage urgent,Maintenance Pompe centrifuge 260 - Remplacement,Normal,Terminé,2025-07-22,2025-07-31,2025-08-03,Sophie Laurent,13,3
WO3462,EQ359,Amélioration,Maintenance Convoyeur 359 - Contrôle,Très urgent,Annulé,2025-07-23,2025-07-26,,Pierre Moreau,4,
WO3463,EQ152,Amélioration,Maintenance Chaudière 152 - Remplacement,Très urgent,Terminé,2025-07-31,2025-08-03,2025-08-08,Pierre Moreau,4,7
WO3464,EQ390,Inspection,Maintenance Pompe centrifuge 390 - Réparation,Très urgent,Annulé,2025-09-09,2025-09-15,,Jean Leroy,1,
WO3465,EQ087,Révision générale,Maintenance Convoyeur 87 - Réparation,Très urgent,Terminé,2025-08-05,2025-08-11,2025-08-13,Sophie Laurent,3,12
WO3466,EQ046,Inspection,Maintenance Robot industriel 46 - Réparation,Programmé,Terminé,2025-09-07,2025-09-16,2025-09-14,Jean Leroy,11,1
WO3467,EQ328,Révision générale,Maintenance Compresseur 328 - Réparation,Urgent,Annulé,2025-05-14,2025-05-28,,Jean Leroy,5,
WO3468,EQ420,Maintenance corrective,Maintenance Échangeur thermique 420 - Réparation,Très urgent,Terminé,2025-06-19,2025-06-29,2025-06-27,Marie Durand,7,16
WO3469,EQ100,Révision générale,Maintenance Convoyeur 100 - Réparation,Programmé,Annulé,2025-09-21,2025-10-03,,Marie Durand,14,
WO3470,EQ332,Maintenance corrective,Maintenance Presse hydraulique 332 - Remplacement,Très urgent,Terminé,2025-10-15,2025-10-28,2025-10-27,Claire Bernard,7,4
WO3471,EQ029,Maintenance corrective,Maintenance Presse hydraulique 29 - Réparation,Urgent,Annulé,2025-10-03,2025-10-11,,Claire Bernard,6,
WO3472,EQ375,Inspection,Maintenance Moteur électrique 375 - Contrôle,Très urgent,Terminé,2025-06-30,2025-07-01,2025-06-29,Sophie Laurent,13,5
WO3473,EQ128,Nettoyage,Maintenance Moteur électrique 128 - Contrôle,Normal,Terminé,2025-07-12,2025-07-21,2025-07-21,Claire Bernard,16,13
WO3474,EQ497,Maintenance corrective,Maintenance Presse hydraulique 497 - Réparation,Très urgent,Terminé,2025-07-05,2025-07-08,2025-07-07,Marie Durand,13,9
WO3475,EQ390,Amélioration,Maintenance Pompe centrifuge 390 - Réparation,Urgent,En cours,2025-11-02,2025-11-07,,Jean Leroy,4,
WO3476,EQ103,Maintenance préventive,Maintenance Ventilateur 103 - Réparation,Programmé,Terminé,2025-07-08,2025-07-11,2025-07-10,Martin Dubois,4,17
WO3477,EQ257,Maintenance préventive,Maintenance Convoyeur 257 - Réparation,Normal,Terminé,2025-06-09,2025-06-21,2025-06-26,Claire Bernard,6,17
WO3478,EQ128,Nettoyage,Maintenance Moteur électrique 128 - Réparation,Programmé,Annulé,2025-08-29,2025-09-12,,Claire Bernard,2,
WO3479,EQ146,Maintenance préventive,Maintenance Moteur électrique 146 - Remplacement,Normal,Terminé,2025-10-04,2025-10-08,2025-10-10,Claire Bernard,3,15
WO3480,EQ315,Révision générale,Maintenance Convoyeur 315 - Contrôle,Programmé,Terminé,2025-09-12,2025-09-15,2025-09-16,Claire Bernard,3,17
WO3481,EQ430,Maintenance préventive,Maintenance Compresseur 430 - Réparation,Programmé,Terminé,2025-08-18,2025-08-25,2025-08-24,Claire Bernard,16,8
WO3482,EQ422,Nettoyage,Maintenance Pompe centrifuge 422 - Contrôle,Programmé,Terminé,2025-06-28,2025-06-30,2025-07-03,Pierre Moreau,6,14
WO3483,EQ408,Révision générale,Maintenance Groupe électrogène 408 - Réparation,Très urgent,Terminé,2025-06-19,2025-06-30,2025-07-05,Martin Dubois,7,12
WO3484,EQ059,Inspection,Maintenance Ventilateur 59 - Remplacement,Très urgent,Terminé,2025-08-31,2025-09-05,2025-09-04,Claire Bernard,13,10
WO3485,EQ245,Nettoyage,Maintenance Chaudière 245 - Remplacement,Normal,Terminé,2025-06-11,2025-06-22,2025-06-20,Jean Leroy,10,2
WO3486,EQ373,Nettoyage,Maintenance Compresseur 373 - Remplacement,Normal,Terminé,2025-06-27,2025-06-30,2025-07-04,Claire Bernard,11,13
WO3487,EQ012,Dépannage urgent,Maintenance Ventilateur 12 - Remplacement,Programmé,Annulé,2025-08-07,2025-08-19,,Marie Durand,9,
WO3488,EQ368,Nettoyage,Maintenance Compresseur 368 - Remplacement,Normal,Terminé,2025-07-19,2025-07-29,2025-08-01,Pierre Moreau,15,2
WO3489,EQ244,Amélioration,Maintenance Transformateur 244 - Contrôle,Urgent,Terminé,2025-07-13,2025-07-22,2025-07-27,Claire Bernard,2,8
WO3490,EQ376,Révision générale,Maintenance Chaudière 376 - Remplacement,Normal,Annulé,2025-06-17,2025-06-27,,Martin Dubois,4,
WO3491,EQ079,Nettoyage,Maintenance Moteur électrique 79 - Remplacement,Très urgent,Annulé,2025-07-12,2025-07-24,,Pierre Moreau,12,
WO3492,EQ251,Maintenance corrective,Maintenance Presse hydraulique 251 - Vérification,Très urgent,Annulé,2025-07-05,2025-07-11,,Pierre Moreau,13,
WO3493,EQ498,Nettoyage,Maintenance Réducteur 498 - Remplacement,Urgent,Terminé,2025-07-20,2025-07-23,2025-07-21,Pierre Moreau,4,2
WO3494,EQ438,Maintenance préventive,Maintenance Presse hydraulique 438 - Remplacement,Très urgent,Terminé,2025-06-12,2025-06-22,2025-06-20,Claire Bernard,8,8
WO3495,EQ345,Inspection,Maintenance Transformateur 345 - Contrôle,Normal,Annulé,2025-08-23,2025-09-03,,Marie Durand,4,
WO3496,EQ103,Maintenance corrective,Maintenance Ventilateur 103 - Remplacement,Urgent,Terminé,2025-08-14,2025-08-22,2025-08-23,Martin Dubois,13,1
WO3497,EQ212,Maintenance corrective,Maintenance Presse hydraulique 212 - Réparation,Urgent,Ouvert,2025-11-02,2025-11-13,,Pierre Moreau,7,
WO3498,EQ087,Révision générale,Maintenance Convoyeur 87 - Vérification,Urgent,Terminé,2025-08-14,2025-08-27,2025-08-31,Marie Durand,11,7
WO3499,EQ236,Amélioration,Maintenance Moteur électrique 236 - Réparation,Normal,Annulé,2025-06-26,2025-06-30,,Claire Bernard,6,
WO3500,EQ335,Inspection,Maintenance Réducteur 335 - Contrôle,Urgent,Terminé,2025-07-19,2025-07-20,2025-07-22,Claire Bernard,5,8
WO3501,EQ061,Inspection,Maintenance Pompe centrifuge 61 - Contrôle,Programmé,En cours,2025-10-31,2025-11-13,,Pierre Moreau,10,
WO3502,EQ081,Dépannage urgent,Maintenance Ventilateur 81 - Vérification,Très urgent,Terminé,2025-09-13,2025-09-21,2025-09-19,Sophie Laurent,3,6
WO3503,EQ115,Maintenance préventive,Maintenance Chaudière 115 - Réparation,Très urgent,Terminé,2025-07-30,2025-08-09,2025-08-12,Jean Leroy,4,8
WO3504,EQ098,Nettoyage,Maintenance Presse hydraulique 98 - Contrôle,Très urgent,Terminé,2025-08-13,2025-08-23,2025-08-21,Martin Dubois,14,15
WO3505,EQ392,Amélioration,Maintenance Échangeur thermique 392 - Réparation,Normal,Terminé,2025-09-07,2025-09-16,2025-09-18,Marie Durand,10,8
WO3506,EQ271,Nettoyage,Maintenance Moteur électrique 271 - Remplacement,Programmé,Terminé,2025-08-14,2025-08-17,2025-08-21,Marie Durand,14,13
WO3507,EQ038,Maintenance préventive,Maintenance Ventilateur 38 - Réparation,Programmé,Annulé,2025-06-26,2025-07-10,,Claire Bernard,13,
WO3508,EQ336,Nettoyage,Maintenance Échangeur thermique 336 - Vérification,Urgent,Annulé,2025-08-31,2025-09-14,,Martin Dubois,10,
WO3509,EQ276,Dépannage urgent,Maintenance Réducteur 276 - Remplacement,Très urgent,Terminé,2025-06-03,2025-06-14,2025-06-16,Martin Dubois,6,15
WO3510,EQ140,Maintenance préventive,Maintenance Compresseur 140 - Contrôle,Normal,Annulé,2025-05-19,2025-06-02,,Martin Dubois,12,
WO3511,EQ451,Maintenance corrective,Maintenance Presse hydraulique 451 - Réparation,Programmé,Terminé,2025-09-27,2025-10-05,2025-10-05,Claire Bernard,4,14
WO3512,EQ305,Maintenance corrective,Maintenance Moteur électrique 305 - Vérification,Programmé,Annulé,2025-09-18,2025-10-02,,Sophie Laurent,12,
WO3513,EQ270,Amélioration,Maintenance Convoyeur 270 - Contrôle,Très urgent,Terminé,2025-06-10,2025-06-20,2025-06-24,Jean Leroy,6,10
WO3514,EQ011,Inspection,Maintenance Chaudière 11 - Réparation,Normal,Terminé,2025-06-07,2025-06-12,2025-06-14,Jean Leroy,9,11
WO3515,EQ032,Révision générale,Maintenance Compresseur 32 - Réparation,Très urgent,Terminé,2025-07-29,2025-08-12,2025-08-16,Claire Bernard,3,13
WO3516,EQ477,Dépannage urgent,Maintenance Ventilateur 477 - Vérification,Très urgent,Terminé,2025-06-02,2025-06-07,2025-06-11,Martin Dubois,7,11
WO3517,EQ306,Dépannage urgent,Maintenance Robot industriel 306 - Contrôle,Normal,Annulé,2025-07-28,2025-08-01,,Martin Dubois,3,
WO3518,EQ021,Maintenance préventive,Maintenance Échangeur thermique 21 - Contrôle,Programmé,En cours,2025-10-14,2025-10-28,,Claire Bernard,9,
WO3519,EQ273,Maintenance corrective,Maintenance Robot industriel 273 - Contrôle,Normal,Annulé,2025-07-27,2025-08-03,,Claire Bernard,4,
WO3520,EQ381,Dépannage urgent,Maintenance Transformateur 381 - Contrôle,Urgent,En cours,2025-10-12,2025-10-24,,Sophie Laurent,1,
WO3521,EQ174,Inspection,Maintenance Réducteur 174 - Remplacement,Urgent,Terminé,2025-10-23,2025-10-31,2025-10-30,Sophie Laurent,12,4
WO3522,EQ029,Maintenance préventive,Maintenance Presse hydraulique 29 - Contrôle,Programmé,Terminé,2025-06-12,2025-06-19,2025-06-21,Claire Bernard,11,1
WO3523,EQ056,Révision générale,Maintenance Convoyeur 56 - Réparation,Programmé,Terminé,2025-05-17,2025-05-22,2025-05-21,Jean Leroy,4,14
WO3524,EQ145,Maintenance corrective,Maintenance Ventilateur 145 - Contrôle,Programmé,Terminé,2025-08-24,2025-08-29,2025-08-29,Jean Leroy,6,16
WO3525,EQ110,Dépannage urgent,Maintenance Moteur électrique 110 - Vérification,Programmé,Terminé,2025-06-28,2025-07-09,2025-07-11,Pierre Moreau,2,13
WO3526,EQ035,Maintenance préventive,Maintenance Transformateur 35 - Remplacement,Urgent,Terminé,2025-06-02,2025-06-14,2025-06-19,Claire Bernard,16,17
WO3527,EQ199,Amélioration,Maintenance Convoyeur 199 - Réparation,Normal,Annulé,2025-07-09,2025-07-20,,Jean Leroy,5,
WO3528,EQ005,Nettoyage,Maintenance Presse hydraulique 05 - Vérification,Normal,Annulé,2025-08-14,2025-08-19,,Pierre Moreau,1,
WO3529,EQ064,Révision générale,Maintenance Échangeur thermique 64 - Remplacement,Normal,Terminé,2025-07-11,2025-07-16,2025-07-19,Marie Durand,2,8
WO3530,EQ141,Nettoyage,Maintenance Presse hydraulique 141 - Contrôle,Programmé,Terminé,2025-10-12,2025-10-24,2025-10-27,Marie Durand,10,11
WO3531,EQ390,Dépannage urgent,Maintenance Pompe centrifuge 390 - Réparation,Urgent,En cours,2025-10-15,2025-10-21,,Pierre Moreau,4,
WO3532,EQ211,Maintenance corrective,Maintenance Groupe électrogène 211 - Contrôle,Normal,Terminé,2025-10-16,2025-10-18,2025-10-17,Claire Bernard,1,9
WO3533,EQ048,Maintenance corrective,Maintenance Réducteur 48 - Réparation,Normal,Terminé,2025-08-14,2025-08-26,2025-08-31,Sophie Laurent,5,9
WO3534,EQ023,Inspection,Maintenance Robot industriel 23 - Contrôle,Très urgent,Terminé,2025-05-10,2025-05-21,2025-05-20,Marie Durand,13,8
WO3535,EQ429,Maintenance préventive,Maintenance Ventilateur 429 - Réparation,Urgent,Terminé,2025-06-16,2025-06-26,2025-06-30,Jean Leroy,5,7
WO3536,EQ051,Révision générale,Maintenance Groupe électrogène 51 - Remplacement,Très urgent,Annulé,2025-07-24,2025-07-30,,Claire Bernard,10,
WO3537,EQ362,Inspection,Maintenance Compresseur 362 - Remplacement,Programmé,Terminé,2025-09-30,2025-10-04,2025-10-02,Jean Leroy,8,6
WO3538,EQ293,Maintenance corrective,Maintenance Réducteur 293 - Remplacement,Normal,Terminé,2025-09-29,2025-10-09,2025-10-14,Marie Durand,10,18
WO3539,EQ434,Dépannage urgent,Maintenance Chaudière 434 - Vérification,Normal,Annulé,2025-06-29,2025-07-13,,Sophie Laurent,12,
WO3540,EQ368,Maintenance préventive,Maintenance Compresseur 368 - Contrôle,Urgent,Terminé,2025-09-01,2025-09-13,2025-09-11,Martin Dubois,8,14
WO3541,EQ286,Amélioration,Maintenance Pompe centrifuge 286 - Réparation,Urgent,Annulé,2025-07-07,2025-07-20,,Pierre Moreau,8,
WO3542,EQ032,Maintenance préventive,Maintenance Compresseur 32 - Remplacement,Programmé,Terminé,2025-08-21,2025-09-02,2025-09-06,Pierre Moreau,15,15
WO3543,EQ159,Inspection,Maintenance Transformateur 159 - Réparation,Très urgent,Terminé,2025-05-09,2025-05-14,2025-05-17,Claire Bernard,10,17
WO3544,EQ235,Révision générale,Maintenance Compresseur 235 - Remplacement,Très urgent,Terminé,2025-09-04,2025-09-09,2025-09-07,Sophie Laurent,4,19
WO3545,EQ390,Maintenance préventive,Maintenance Pompe centrifuge 390 - Vérification,Très urgent,Terminé,2025-07-31,2025-08-12,2025-08-10,Martin Dubois,4,12
WO3546,EQ273,Amélioration,Maintenance Robot industriel 273 - Contrôle,Urgent,Terminé,2025-08-19,2025-08-21,2025-08-25,Marie Durand,11,4
WO3547,EQ140,Dépannage urgent,Maintenance Compresseur 140 - Remplacement,Urgent,Terminé,2025-06-07,2025-06-20,2025-06-24,Martin Dubois,13,17
WO3548,EQ288,Inspection,Maintenance Moteur électrique 288 - Contrôle,Normal,Annulé,2025-07-30,2025-08-13,,Pierre Moreau,15,
WO3549,EQ377,Inspection,Maintenance Chaudière 377 - Contrôle,Urgent,Terminé,2025-08-22,2025-09-02,2025-08-31,Marie Durand,4,17
WO3550,EQ224,Révision générale,Maintenance Presse hydraulique 224 - Réparation,Programmé,Terminé,2025-05-19,2025-05-28,2025-05-29,Pierre Moreau,11,1
WO3551,EQ363,Maintenance corrective,Maintenance Transformateur 363 - Réparation,Très urgent,Annulé,2025-06-23,2025-06-30,,Jean Leroy,6,
WO3552,EQ184,Dépannage urgent,Maintenance Robot industriel 184 - Réparation,Très urgent,Terminé,2025-10-21,2025-11-02,2025-11-06,Pierre Moreau,12,19
WO3553,EQ222,Révision générale,Maintenance Réducteur 222 - Vérification,Programmé,En cours,2025-10-26,2025-11-04,,Sophie Laurent,2,
WO3554,EQ154,Dépannage urgent,Maintenance Échangeur thermique 154 - Contrôle,Normal,Annulé,2025-06-10,2025-06-17,,Claire Bernard,1,
WO3555,EQ372,Maintenance corrective,Maintenance Échangeur thermique 372 - Remplacement,Normal,Terminé,2025-06-15,2025-06-24,2025-06-22,Pierre Moreau,5,20
WO3556,EQ130,Amélioration,Maintenance Réducteur 130 - Vérification,Normal,Annulé,2025-08-23,2025-08-24,,Claire Bernard,12,
WO3557,EQ407,Révision générale,Maintenance Transformateur 407 - Remplacement,Très urgent,Terminé,2025-09-30,2025-10-07,2025-10-10,Pierre Moreau,9,12
WO3558,EQ092,Maintenance corrective,Maintenance Transformateur 92 - Contrôle,Normal,Terminé,2025-09-25,2025-10-02,2025-10-01,Pierre Moreau,15,20
WO3559,EQ197,Maintenance préventive,Maintenance Compresseur 197 - Remplacement,Très urgent,Terminé,2025-07-22,2025-07-27,2025-07-27,Claire Bernard,3,6
WO3560,EQ315,Maintenance corrective,Maintenance Convoyeur 315 - Remplacement,Normal,Terminé,2025-06-03,2025-06-05,2025-06-10,Martin Dubois,12,3
WO3561,EQ240,Maintenance préventive,Maintenance Convoyeur 240 - Réparation,Programmé,Ouvert,2025-11-02,2025-11-08,,Martin Dubois,2,
WO3562,EQ272,Révision générale,Maintenance Transformateur 272 - Remplacement,Très urgent,Terminé,2025-10-05,2025-10-14,2025-10-13,Pierre Moreau,7,6
WO3563,EQ352,Amélioration,Maintenance Échangeur thermique 352 - Remplacement,Normal,Terminé,2025-06-25,2025-07-01,2025-07-02,Claire Bernard,8,4
WO3564,EQ314,Amélioration,Maintenance Convoyeur 314 - Vérification,Programmé,Terminé,2025-10-13,2025-10-17,2025-10-16,Sophie Laurent,1,3
WO3565,EQ191,Maintenance préventive,Maintenance Convoyeur 191 - Réparation,Urgent,En cours,2025-11-02,2025-11-09,,Martin Dubois,10,
WO3566,EQ283,Nettoyage,Maintenance Ventilateur 283 - Vérification,Très urgent,Annulé,2025-05-13,2025-05-26,,Sophie Laurent,4,
WO3567,EQ285,Maintenance préventive,Maintenance Transformateur 285 - Remplacement,Très urgent,Annulé,2025-10-01,2025-10-04,,Pierre Moreau,12,
WO3568,EQ406,Nettoyage,Maintenance Réducteur 406 - Réparation,Très urgent,Terminé,2025-08-05,2025-08-10,2025-08-15,Sophie Laurent,9,5
WO3569,EQ196,Nettoyage,Maintenance Moteur électrique 196 - Remplacement,Programmé,Terminé,2025-07-17,2025-07-27,2025-07-27,Marie Durand,8,20
WO3570,EQ373,Dépannage urgent,Maintenance Compresseur 373 - Remplacement,Très urgent,Annulé,2025-05-28,2025-06-11,,Martin Dubois,1,
WO3571,EQ341,Révision générale,Maintenance Convoyeur 341 - Contrôle,Programmé,Terminé,2025-06-09,2025-06-14,2025-06-18,Marie Durand,13,16
WO3572,EQ089,Inspection,Maintenance Pompe centrifuge 89 - Vérification,Très urgent,Annulé,2025-10-04,2025-10-14,,Claire Bernard,11,
WO3573,EQ453,Maintenance corrective,Maintenance Groupe électrogène 453 - Réparation,Normal,Terminé,2025-09-19,2025-10-01,2025-10-02,Martin Dubois,7,7
WO3574,EQ360,Maintenance corrective,Maintenance Moteur électrique 360 - Contrôle,Très urgent,Terminé,2025-10-13,2025-10-17,2025-10-15,Pierre Moreau,6,13
WO3575,EQ272,Maintenance préventive,Maintenance Transformateur 272 - Remplacement,Urgent,Terminé,2025-07-05,2025-07-15,2025-07-14,Sophie Laurent,3,3
WO3576,EQ148,Dépannage urgent,Maintenance Échangeur thermique 148 - Remplacement,Programmé,Terminé,2025-09-15,2025-09-16,2025-09-15,Martin Dubois,6,13
WO3577,EQ207,Maintenance corrective,Maintenance Groupe électrogène 207 - Contrôle,Normal,Terminé,2025-05-11,2025-05-13,2025-05-13,Claire Bernard,8,10
WO3578,EQ352,Maintenance préventive,Maintenance Échangeur thermique 352 - Contrôle,Normal,Annulé,2025-07-15,2025-07-23,,Pierre Moreau,9,
WO3579,EQ006,Inspection,Maintenance Convoyeur 06 - Remplacement,Normal,Annulé,2025-08-07,2025-08-10,,Marie Durand,10,
WO3580,EQ159,Révision générale,Maintenance Transformateur 159 - Vérification,Urgent,Terminé,2025-09-19,2025-09-27,2025-09-29,Marie Durand,5,5
WO3581,EQ424,Nettoyage,Maintenance Groupe électrogène 424 - Réparation,Programmé,Terminé,2025-05-10,2025-05-12,2025-05-11,Jean Leroy,16,17
WO3582,EQ328,Inspection,Maintenance Compresseur 328 - Vérification,Programmé,Terminé,2025-09-13,2025-09-15,2025-09-20,Martin Dubois,5,16
WO3583,EQ062,Inspection,Maintenance Transformateur 62 - Contrôle,Très urgent,Terminé,2025-07-23,2025-08-04,2025-08-08,Marie Durand,16,14
WO3584,EQ488,Dépannage urgent,Maintenance Réducteur 488 - Remplacement,Normal,Terminé,2025-09-28,2025-10-04,2025-10-05,Sophie Laurent,10,11
WO3585,EQ034,Inspection,Maintenance Presse hydraulique 34 - Contrôle,Très urgent,Terminé,2025-05-25,2025-05-26,2025-05-24,Pierre Moreau,1,11
WO3586,EQ234,Amélioration,Maintenance Transformateur 234 - Réparation,Normal,Terminé,2025-05-30,2025-06-10,2025-06-08,Pierre Moreau,5,4
WO3587,EQ413,Maintenance corrective,Maintenance Transformateur 413 - Réparation,Programmé,Terminé,2025-06-13,2025-06-24,2025-06-29,Sophie Laurent,15,2
WO3588,EQ056,Inspection,Maintenance Convoyeur 56 - Réparation,Urgent,Terminé,2025-07-06,2025-07-13,2025-07-15,Marie Durand,6,8
WO3589,EQ034,Révision générale,Maintenance Presse hydraulique 34 - Vérification,Très urgent,Annulé,2025-06-26,2025-07-02,,Marie Durand,9,
WO3590,EQ023,Révision générale,Maintenance Robot industriel 23 - Vérification,Très urgent,Terminé,2025-08-28,2025-09-01,2025-09-06,Sophie Laurent,5,14
WO3591,EQ304,Inspection,Maintenance Réducteur 304 - Vérification,Urgent,Annulé,2025-07-14,2025-07-23,,Marie Durand,10,
WO3592,EQ308,Dépannage urgent,Maintenance Transformateur 308 - Réparation,Programmé,Terminé,2025-09-06,2025-09-14,2025-09-17,Jean Leroy,2,13
WO3593,EQ465,Amélioration,Maintenance Presse hydraulique 465 - Vérification,Programmé,Terminé,2025-07-25,2025-08-06,2025-08-06,Claire Bernard,8,4
WO3594,EQ096,Maintenance préventive,Maintenance Presse hydraulique 96 - Remplacement,Très urgent,Terminé,2025-10-22,2025-10-26,2025-10-30,Pierre Moreau,8,8
WO3595,EQ460,Révision générale,Maintenance Groupe électrogène 460 - Remplacement,Très urgent,Terminé,2025-05-24,2025-05-25,2025-05-28,Jean Leroy,10,11
WO3596,EQ372,Dépannage urgent,Maintenance Échangeur thermique 372 - Réparation,Programmé,Annulé,2025-07-04,2025-07-05,,Marie Durand,3,
WO3597,EQ456,Nettoyage,Maintenance Groupe électrogène 456 - Contrôle,Normal,Terminé,2025-08-14,2025-08-22,2025-08-22,Jean Leroy,12,7
WO3598,EQ156,Amélioration,Maintenance Ventilateur 156 - Vérification,Très urgent,Annulé,2025-09-22,2025-10-04,,Pierre Moreau,9,
WO3599,EQ191,Amélioration,Maintenance Convoyeur 191 - Vérification,Normal,Terminé,2025-09-09,2025-09-18,2025-09-21,Marie Durand,10,8
WO3600,EQ314,Inspection,Maintenance Convoyeur 314 - Réparation,Programmé,Annulé,2025-07-17,2025-07-30,,Marie Durand,1,
WO3601,EQ129,Maintenance corrective,Maintenance Réducteur 129 - Contrôle,Très urgent,Terminé,2025-05-21,2025-05-26,2025-05-30,Marie Durand,4,6
WO3602,EQ464,Inspection,Maintenance Presse hydraulique 464 - Contrôle,Normal,Terminé,2025-09-30,2025-10-07,2025-10-09,Jean Leroy,14,7
WO3603,EQ368,Maintenance préventive,Maintenance Compresseur 368 - Réparation,Urgent,Terminé,2025-08-19,2025-08-22,2025-08-25,Sophie Laurent,4,6
WO3604,EQ005,Nettoyage,Maintenance Presse hydraulique 05 - Vérification,Urgent,Terminé,2025-09-03,2025-09-09,2025-09-13,Marie Durand,13,12
WO3605,EQ449,Inspection,Maintenance Réducteur 449 - Réparation,Normal,Terminé,2025-10-29,2025-11-10,2025-11-13,Martin Dubois,6,9
WO3606,EQ200,Dépannage urgent,Maintenance Ventilateur 200 - Contrôle,Programmé,Terminé,2025-07-03,2025-07-15,2025-07-13,Martin Dubois,14,13
WO3607,EQ024,Dépannage urgent,Maintenance Moteur électrique 24 - Remplacement,Programmé,Terminé,2025-09-12,2025-09-18,2025-09-21,Pierre Moreau,3,15
WO3608,EQ477,Inspection,Maintenance Ventilateur 477 - Vérification,Très urgent,Terminé,2025-06-22,2025-06-30,2025-06-29,Claire Bernard,15,1
WO3609,EQ324,Amélioration,Maintenance Transformateur 324 - Remplacement,Très urgent,Terminé,2025-07-03,2025-07-09,2025-07-12,Claire Bernard,10,3
WO3610,EQ447,Amélioration,Maintenance Robot industriel 447 - Remplacement,Très urgent,Terminé,2025-07-31,2025-08-09,2025-08-11,Sophie Laurent,12,5
WO3611,EQ305,Dépannage urgent,Maintenance Moteur électrique 305 - Réparation,Urgent,Terminé,2025-08-18,2025-09-01,2025-09-02,Pierre Moreau,14,8
WO3612,EQ310,Révision générale,Maintenance Réducteur 310 - Contrôle,Urgent,Terminé,2025-07-15,2025-07-18,2025-07-17,Sophie Laurent,1,6
WO3613,EQ489,Inspection,Maintenance Ventilateur 489 - Réparation,Urgent,Annulé,2025-07-11,2025-07-16,,Jean Leroy,2,
WO3614,EQ361,Inspection,Maintenance Robot industriel 361 - Remplacement,Programmé,Annulé,2025-07-08,2025-07-09,,Jean Leroy,10,
WO3615,EQ479,Maintenance préventive,Maintenance Presse hydraulique 479 - Remplacement,Très urgent,Terminé,2025-08-22,2025-09-03,2025-09-05,Pierre Moreau,7,17
WO3616,EQ434,Amélioration,Maintenance Chaudière 434 - Remplacement,Très urgent,Terminé,2025-10-05,2025-10-07,2025-10-05,Jean Leroy,5,15
WO3617,EQ204,Nettoyage,Maintenance Robot industriel 204 - Réparation,Très urgent,En cours,2025-10-29,2025-11-05,,Sophie Laurent,6,
WO3618,EQ082,Maintenance corrective,Maintenance Réducteur 82 - Remplacement,Normal,Terminé,2025-06-26,2025-07-01,2025-07-02,Martin Dubois,4,11
WO3619,EQ470,Nettoyage,Maintenance Transformateur 470 - Vérification,Urgent,Terminé,2025-10-28,2025-11-07,2025-11-10,Claire Bernard,5,18
WO3620,EQ150,Inspection,Maintenance Presse hydraulique 150 - Réparation,Normal,Terminé,2025-05-25,2025-06-03,2025-06-05,Marie Durand,12,20
WO3621,EQ050,Nettoyage,Maintenance Pompe centrifuge 50 - Vérification,Programmé,Annulé,2025-05-13,2025-05-14,,Pierre Moreau,13,
WO3622,EQ253,Dépannage urgent,Maintenance Robot industriel 253 - Remplacement,Programmé,Annulé,2025-07-09,2025-07-13,,Martin Dubois,6,
WO3623,EQ104,Révision générale,Maintenance Transformateur 104 - Vérification,Programmé,Terminé,2025-07-19,2025-07-31,2025-08-01,Jean Leroy,7,4
WO3624,EQ440,Dépannage urgent,Maintenance Compresseur 440 - Contrôle,Très urgent,Annulé,2025-07-12,2025-07-24,,Martin Dubois,1,
WO3625,EQ081,Dépannage urgent,Maintenance Ventilateur 81 - Remplacement,Très urgent,Terminé,2025-06-15,2025-06-28,2025-06-30,Marie Durand,11,5
WO3626,EQ404,Inspection,Maintenance Presse hydraulique 404 - Contrôle,Programmé,Terminé,2025-10-18,2025-10-28,2025-10-27,Claire Bernard,2,16
WO3627,EQ231,Inspection,Maintenance Chaudière 231 - Vérification,Normal,Terminé,2025-06-15,2025-06-21,2025-06-19,Martin Dubois,4,8
WO3628,EQ210,Inspection,Maintenance Robot industriel 210 - Réparation,Programmé,Terminé,2025-09-26,2025-09-28,2025-09-27,Sophie Laurent,11,3
WO3629,EQ039,Nettoyage,Maintenance Échangeur thermique 39 - Remplacement,Normal,Terminé,2025-10-20,2025-11-02,2025-11-04,Claire Bernard,4,10
WO3630,EQ158,Nettoyage,Maintenance Groupe électrogène 158 - Vérification,Programmé,Terminé,2025-05-21,2025-06-04,2025-06-09,Martin Dubois,10,18
WO3631,EQ287,Inspection,Maintenance Pompe centrifuge 287 - Vérification,Très urgent,Annulé,2025-09-19,2025-09-26,,Jean Leroy,3,
WO3632,EQ236,Amélioration,Maintenance Moteur électrique 236 - Vérification,Urgent,Terminé,2025-09-12,2025-09-24,2025-09-26,Claire Bernard,4,3
WO3633,EQ125,Inspection,Maintenance Moteur électrique 125 - Contrôle,Très urgent,Terminé,2025-05-14,2025-05-20,2025-05-22,Jean Leroy,9,7
WO3634,EQ253,Dépannage urgent,Maintenance Robot industriel 253 - Réparation,Programmé,Terminé,2025-09-21,2025-09-30,2025-10-04,Martin Dubois,2,2
WO3635,EQ038,Maintenance préventive,Maintenance Ventilateur 38 - Vérification,Urgent,Terminé,2025-06-18,2025-06-26,2025-06-24,Jean Leroy,8,10
WO3636,EQ047,Maintenance corrective,Maintenance Transformateur 47 - Contrôle,Très urgent,Terminé,2025-09-04,2025-09-06,2025-09-11,Pierre Moreau,5,11
WO3637,EQ068,Maintenance préventive,Maintenance Presse hydraulique 68 - Remplacement,Très urgent,Terminé,2025-10-14,2025-10-18,2025-10-22,Jean Leroy,13,5
WO3638,EQ143,Amélioration,Maintenance Convoyeur 143 - Réparation,Urgent,Annulé,2025-06-18,2025-06-21,,Claire Bernard,15,
WO3639,EQ006,Révision générale,Maintenance Convoyeur 06 - Vérification,Normal,En cours,2025-10-22,2025-10-31,,Claire Bernard,3,
WO3640,EQ022,Inspection,Maintenance Échangeur thermique 22 - Remplacement,Normal,Terminé,2025-07-07,2025-07-20,2025-07-19,Sophie Laurent,9,1
WO3641,EQ045,Amélioration,Maintenance Groupe électrogène 45 - Vérification,Normal,Annulé,2025-09-23,2025-09-26,,Pierre Moreau,15,
WO3642,EQ176,Révision générale,Maintenance Groupe électrogène 176 - Réparation,Urgent,Terminé,2025-05-10,2025-05-24,2025-05-29,Jean Leroy,12,18
WO3643,EQ438,Révision générale,Maintenance Presse hydraulique 438 - Vérification,Urgent,Annulé,2025-05-25,2025-05-26,,Sophie Laurent,12,
WO3644,EQ157,Dépannage urgent,Maintenance Convoyeur 157 - Remplacement,Urgent,En cours,2025-10-27,2025-11-03,,Jean Leroy,6,
WO3645,EQ382,Révision générale,Maintenance Moteur électrique 382 - Réparation,Urgent,Terminé,2025-09-01,2025-09-13,2025-09-16,Marie Durand,8,20
WO3646,EQ143,Amélioration,Maintenance Convoyeur 143 - Contrôle,Normal,Annulé,2025-09-26,2025-10-03,,Claire Bernard,12,
WO3647,EQ267,Révision générale,Maintenance Compresseur 267 - Remplacement,Très urgent,Terminé,2025-10-26,2025-10-31,2025-10-29,Martin Dubois,15,6
WO3648,EQ197,Nettoyage,Maintenance Compresseur 197 - Vérification,Normal,Terminé,2025-06-24,2025-06-28,2025-07-03,Martin Dubois,7,15
WO3649,EQ056,Inspection,Maintenance Convoyeur 56 - Remplacement,Très urgent,Annulé,2025-06-08,2025-06-21,,Claire Bernard,2,
WO3650,EQ272,Inspection,Maintenance Transformateur 272 - Remplacement,Urgent,Terminé,2025-08-04,2025-08-16,2025-08-14,Sophie Laurent,10,2
WO3651,EQ266,Révision générale,Maintenance Pompe centrifuge 266 - Remplacement,Normal,Terminé,2025-09-16,2025-09-27,2025-09-25,Martin Dubois,16,11
WO3652,EQ491,Inspection,Maintenance Réducteur 491 - Remplacement,Programmé,Ouvert,2025-11-04,2025-11-10,,Claire Bernard,5,
WO3653,EQ004,Amélioration,Maintenance Chaudière 04 - Vérification,Urgent,Annulé,2025-09-07,2025-09-18,,Jean Leroy,7,
WO3654,EQ448,Nettoyage,Maintenance Transformateur 448 - Réparation,Normal,Annulé,2025-07-04,2025-07-15,,Pierre Moreau,8,
WO3655,EQ493,Dépannage urgent,Maintenance Réducteur 493 - Réparation,Programmé,Terminé,2025-07-11,2025-07-23,2025-07-24,Sophie Laurent,11,20
WO3656,EQ465,Amélioration,Maintenance Presse hydraulique 465 - Réparation,Programmé,Annulé,2025-05-27,2025-06-03,,Pierre Moreau,6,
WO3657,EQ318,Nettoyage,Maintenance Transformateur 318 - Réparation,Urgent,Terminé,2025-08-21,2025-08-28,2025-09-01,Martin Dubois,15,8
WO3658,EQ291,Nettoyage,Maintenance Transformateur 291 - Vérification,Urgent,Annulé,2025-06-11,2025-06-16,,Martin Dubois,2,
WO3659,EQ066,Dépannage urgent,Maintenance Ventilateur 66 - Vérification,Très urgent,Terminé,2025-10-18,2025-10-21,2025-10-20,Martin Dubois,3,11
WO3660,EQ413,Maintenance corrective,Maintenance Transformateur 413 - Contrôle,Urgent,Terminé,2025-09-25,2025-09-27,2025-10-01,Claire Bernard,2,1
WO3661,EQ025,Nettoyage,Maintenance Robot industriel 25 - Remplacement,Programmé,Terminé,2025-10-27,2025-11-06,2025-11-05,Martin Dubois,5,5
WO3662,EQ083,Amélioration,Maintenance Échangeur thermique 83 - Vérification,Très urgent,Terminé,2025-07-13,2025-07-25,2025-07-26,Sophie Laurent,16,7
WO3663,EQ067,Inspection,Maintenance Transformateur 67 - Vérification,Programmé,Terminé,2025-09-29,2025-10-01,2025-10-04,Sophie Laurent,9,7
WO3664,EQ055,Inspection,Maintenance Groupe électrogène 55 - Vérification,Très urgent,Terminé,2025-06-16,2025-06-30,2025-06-28,Marie Durand,6,14
WO3665,EQ017,Maintenance préventive,Maintenance Échangeur thermique 17 - Vérification,Très urgent,En cours,2025-10-14,2025-10-17,,Claire Bernard,3,
WO3666,EQ278,Dépannage urgent,Maintenance Presse hydraulique 278 - Contrôle,Programmé,Terminé,2025-08-01,2025-08-04,2025-08-02,Sophie Laurent,7,20
WO3667,EQ477,Révision générale,Maintenance Ventilateur 477 - Vérification,Très urgent,Annulé,2025-07-31,2025-08-07,,Sophie Laurent,7,
WO3668,EQ302,Révision générale,Maintenance Ventilateur 302 - Remplacement,Urgent,Terminé,2025-06-13,2025-06-20,2025-06-20,Marie Durand,5,14
WO3669,EQ336,Dépannage urgent,Maintenance Échangeur thermique 336 - Contrôle,Normal,Terminé,2025-07-31,2025-08-10,2025-08-13,Pierre Moreau,1,20
WO3670,EQ323,Amélioration,Maintenance Ventilateur 323 - Contrôle,Normal,Terminé,2025-05-11,2025-05-16,2025-05-20,Sophie Laurent,12,16
WO3671,EQ061,Révision générale,Maintenance Pompe centrifuge 61 - Remplacement,Urgent,Terminé,2025-05-10,2025-05-24,2025-05-28,Jean Leroy,2,19
WO3672,EQ408,Amélioration,Maintenance Groupe électrogène 408 - Remplacement,Normal,Terminé,2025-06-30,2025-07-07,2025-07-05,Sophie Laurent,11,7
WO3673,EQ425,Révision générale,Maintenance Réducteur 425 - Contrôle,Normal,Terminé,2025-08-04,2025-08-17,2025-08-22,Martin Dubois,2,7
WO3674,EQ468,Amélioration,Maintenance Pompe centrifuge 468 - Vérification,Normal,Terminé,2025-06-20,2025-06-22,2025-06-23,Marie Durand,10,12
WO3675,EQ025,Révision générale,Maintenance Robot industriel 25 - Remplacement,Très urgent,Terminé,2025-08-24,2025-09-04,2025-09-05,Claire Bernard,8,17
WO3676,EQ208,Nettoyage,Maintenance Groupe électrogène 208 - Vérification,Très urgent,Annulé,2025-05-26,2025-06-05,,Claire Bernard,14,
WO3677,EQ317,Révision générale,Maintenance Robot industriel 317 - Vérification,Urgent,Terminé,2025-09-28,2025-10-02,2025-10-06,Pierre Moreau,2,11
WO3678,EQ239,Maintenance corrective,Maintenance Transformateur 239 - Vérification,Programmé,Annulé,2025-08-18,2025-08-23,,Claire Bernard,12,
WO3679,EQ333,Dépannage urgent,Maintenance Compresseur 333 - Contrôle,Urgent,En cours,2025-10-31,2025-11-01,,Claire Bernard,15,
WO3680,EQ197,Nettoyage,Maintenance Compresseur 197 - Remplacement,Programmé,Terminé,2025-09-02,2025-09-06,2025-09-06,Claire Bernard,7,5
WO3681,EQ137,Dépannage urgent,Maintenance Chaudière 137 - Contrôle,Programmé,Terminé,2025-10-24,2025-11-05,2025-11-09,Marie Durand,7,6
WO3682,EQ486,Amélioration,Maintenance Robot industriel 486 - Contrôle,Normal,Annulé,2025-06-05,2025-06-18,,Claire Bernard,6,
WO3683,EQ372,Amélioration,Maintenance Échangeur thermique 372 - Remplacement,Très urgent,Terminé,2025-05-17,2025-05-23,2025-05-28,Sophie Laurent,2,18
WO3684,EQ395,Inspection,Maintenance Réducteur 395 - Contrôle,Programmé,Terminé,2025-08-19,2025-08-27,2025-08-25,Marie Durand,5,9
WO3685,EQ112,Dépannage urgent,Maintenance Robot industriel 112 - Réparation,Programmé,Terminé,2025-05-17,2025-05-24,2025-05-24,Martin Dubois,16,2
WO3686,EQ132,Maintenance préventive,Maintenance Moteur électrique 132 - Vérification,Très urgent,Terminé,2025-05-19,2025-05-26,2025-05-24,Jean Leroy,4,4
WO3687,EQ324,Dépannage urgent,Maintenance Transformateur 324 - Réparation,Très urgent,Terminé,2025-08-04,2025-08-06,2025-08-05,Marie Durand,4,17
WO3688,EQ044,Maintenance corrective,Maintenance Moteur électrique 44 - Réparation,Urgent,Terminé,2025-05-17,2025-05-19,2025-05-22,Jean Leroy,5,20
WO3689,EQ211,Dépannage urgent,Maintenance Groupe électrogène 211 - Contrôle,Très urgent,Terminé,2025-07-17,2025-07-29,2025-08-01,Claire Bernard,15,20
WO3690,EQ002,Maintenance préventive,Maintenance Convoyeur 02 - Contrôle,Programmé,Terminé,2025-06-27,2025-07-09,2025-07-13,Sophie Laurent,4,13
WO3691,EQ010,Maintenance corrective,Maintenance Échangeur thermique 10 - Vérification,Urgent,Terminé,2025-09-28,2025-09-30,2025-09-28,Martin Dubois,6,10
WO3692,EQ117,Nettoyage,Maintenance Réducteur 117 - Réparation,Urgent,Annulé,2025-09-08,2025-09-16,,Claire Bernard,7,
WO3693,EQ127,Maintenance préventive,Maintenance Compresseur 127 - Réparation,Normal,Annulé,2025-09-26,2025-10-10,,Marie Durand,8,
WO3694,EQ295,Maintenance préventive,Maintenance Convoyeur 295 - Remplacement,Urgent,Terminé,2025-06-14,2025-06-16,2025-06-15,Jean Leroy,10,3
WO3695,EQ079,Nettoyage,Maintenance Moteur électrique 79 - Vérification,Très urgent,En cours,2025-10-24,2025-10-31,,Jean Leroy,8,
WO3696,EQ147,Dépannage urgent,Maintenance Chaudière 147 - Contrôle,Normal,En cours,2025-10-30,2025-11-01,,Marie Durand,11,
WO3697,EQ193,Maintenance corrective,Maintenance Transformateur 193 - Vérification,Très urgent,Terminé,2025-05-28,2025-05-31,2025-05-30,Sophie Laurent,7,5
WO3698,EQ027,Révision générale,Maintenance Ventilateur 27 - Remplacement,Programmé,Annulé,2025-05-23,2025-05-24,,Martin Dubois,11,
WO3699,EQ102,Maintenance préventive,Maintenance Pompe centrifuge 102 - Réparation,Normal,Terminé,2025-06-23,2025-07-03,2025-07-06,Marie Durand,10,6
WO3700,EQ096,Amélioration,Maintenance Presse hydraulique 96 - Contrôle,Normal,Terminé,2025-07-04,2025-07-10,2025-07-12,Jean Leroy,3,10
WO3701,EQ241,Révision générale,Maintenance Groupe électrogène 241 - Remplacement,Programmé,Terminé,2025-08-04,2025-08-11,2025-08-12,Claire Bernard,6,7
WO3702,EQ463,Maintenance préventive,Maintenance Compresseur 463 - Vérification,Programmé,Terminé,2025-06-03,2025-06-07,2025-06-12,Claire Bernard,4,17
WO3703,EQ444,Dépannage urgent,Maintenance Presse hydraulique 444 - Vérification,Normal,Terminé,2025-09-29,2025-10-07,2025-10-06,Claire Bernard,4,12
WO3704,EQ118,Révision générale,Maintenance Moteur électrique 118 - Contrôle,Urgent,Annulé,2025-09-04,2025-09-14,,Claire Bernard,16,
WO3705,EQ183,Révision générale,Maintenance Robot industriel 183 - Contrôle,Urgent,Terminé,2025-06-21,2025-07-05,2025-07-07,Sophie Laurent,12,11
WO3706,EQ077,Maintenance corrective,Maintenance Compresseur 77 - Vérification,Urgent,Terminé,2025-09-15,2025-09-16,2025-09-19,Marie Durand,1,4
WO3707,EQ138,Inspection,Maintenance Ventilateur 138 - Vérification,Très urgent,Terminé,2025-10-05,2025-10-18,2025-10-20,Martin Dubois,4,7
WO3708,EQ160,Inspection,Maintenance Robot industriel 160 - Vérification,Programmé,Terminé,2025-08-01,2025-08-04,2025-08-07,Marie Durand,13,14
WO3709,EQ334,Amélioration,Maintenance Réducteur 334 - Réparation,Très urgent,Terminé,2025-08-03,2025-08-12,2025-08-14,Claire Bernard,2,1
WO3710,EQ356,Amélioration,Maintenance Compresseur 356 - Remplacement,Urgent,Annulé,2025-06-13,2025-06-23,,Pierre Moreau,12,
WO3711,EQ375,Amélioration,Maintenance Moteur électrique 375 - Contrôle,Normal,Terminé,2025-07-02,2025-07-15,2025-07-14,Claire Bernard,5,1
WO3712,EQ094,Dépannage urgent,Maintenance Échangeur thermique 94 - Contrôle,Très urgent,Terminé,2025-06-21,2025-06-26,2025-07-01,Pierre Moreau,14,19
WO3713,EQ320,Dépannage urgent,Maintenance Robot industriel 320 - Remplacement,Très urgent,Annulé,2025-08-02,2025-08-04,,Pierre Moreau,7,
WO3714,EQ500,Maintenance corrective,Maintenance Échangeur thermique 500 - Contrôle,Normal,Terminé,2025-09-30,2025-10-12,2025-10-11,Marie Durand,13,1
WO3715,EQ166,Maintenance corrective,Maintenance Presse hydraulique 166 - Réparation,Normal,Terminé,2025-06-12,2025-06-20,2025-06-20,Marie Durand,5,11
WO3716,EQ250,Maintenance préventive,Maintenance Transformateur 250 - Réparation,Très urgent,Terminé,2025-10-09,2025-10-22,2025-10-26,Martin Dubois,9,1
WO3717,EQ117,Révision générale,Maintenance Réducteur 117 - Vérification,Très urgent,Terminé,2025-08-27,2025-09-01,2025-08-30,Sophie Laurent,7,10
WO3718,EQ086,Révision générale,Maintenance Presse hydraulique 86 - Réparation,Normal,Annulé,2025-08-05,2025-08-19,,Claire Bernard,16,
WO3719,EQ299,Maintenance préventive,Maintenance Compresseur 299 - Contrôle,Programmé,Terminé,2025-09-19,2025-09-28,2025-09-30,Martin Dubois,9,5
WO3720,EQ391,Dépannage urgent,Maintenance Ventilateur 391 - Remplacement,Urgent,Annulé,2025-06-28,2025-07-02,,Jean Leroy,12,
WO3721,EQ017,Dépannage urgent,Maintenance Échangeur thermique 17 - Réparation,Très urgent,Terminé,2025-06-06,2025-06-18,2025-06-18,Martin Dubois,10,6
WO3722,EQ437,Maintenance corrective,Maintenance Pompe centrifuge 437 - Réparation,Urgent,Terminé,2025-10-11,2025-10-13,2025-10-16,Pierre Moreau,16,8
WO3723,EQ304,Révision générale,Maintenance Réducteur 304 - Remplacement,Très urgent,Annulé,2025-08-25,2025-09-02,,Jean Leroy,5,
WO3724,EQ327,Amélioration,Maintenance Presse hydraulique 327 - Vérification,Normal,Terminé,2025-06-24,2025-07-01,2025-07-05,Jean Leroy,4,14
WO3725,EQ082,Dépannage urgent,Maintenance Réducteur 82 - Réparation,Très urgent,Annulé,2025-08-16,2025-08-17,,Pierre Moreau,16,
WO3726,EQ343,Nettoyage,Maintenance Transformateur 343 - Contrôle,Normal,Terminé,2025-07-30,2025-08-10,2025-08-08,Sophie Laurent,5,16
WO3727,EQ150,Révision générale,Maintenance Presse hydraulique 150 - Vérification,Normal,Terminé,2025-09-07,2025-09-14,2025-09-17,Jean Leroy,14,18
WO3728,EQ440,Révision générale,Maintenance Compresseur 440 - Contrôle,Très urgent,En cours,2025-10-20,2025-10-27,,Marie Durand,1,
WO3729,EQ348,Amélioration,Maintenance Transformateur 348 - Réparation,Programmé,Terminé,2025-08-27,2025-09-01,2025-08-31,Marie Durand,11,3
WO3730,EQ134,Nettoyage,Maintenance Robot industriel 134 - Remplacement,Urgent,Terminé,2025-10-24,2025-11-02,2025-11-06,Claire Bernard,11,19
WO3731,EQ048,Maintenance préventive,Maintenance Réducteur 48 - Vérification,Très urgent,Terminé,2025-07-25,2025-08-07,2025-08-06,Jean Leroy,11,3
WO3732,EQ382,Nettoyage,Maintenance Moteur électrique 382 - Vérification,Très urgent,Annulé,2025-07-23,2025-08-01,,Martin Dubois,12,
WO3733,EQ228,Révision générale,Maintenance Groupe électrogène 228 - Vérification,Programmé,Terminé,2025-05-11,2025-05-12,2025-05-16,Pierre Moreau,8,7
WO3734,EQ294,Révision générale,Maintenance Pompe centrifuge 294 - Contrôle,Urgent,Annulé,2025-06-11,2025-06-12,,Sophie Laurent,7,
WO3735,EQ474,Maintenance préventive,Maintenance Échangeur thermique 474 - Remplacement,Urgent,Terminé,2025-06-08,2025-06-18,2025-06-18,Martin Dubois,6,16
WO3736,EQ092,Révision générale,Maintenance Transformateur 92 - Contrôle,Programmé,Terminé,2025-07-09,2025-07-10,2025-07-12,Pierre Moreau,3,9
WO3737,EQ264,Inspection,Maintenance Ventilateur 264 - Réparation,Programmé,Terminé,2025-09-30,2025-10-09,2025-10-09,Sophie Laurent,16,14
WO3738,EQ394,Révision générale,Maintenance Convoyeur 394 - Contrôle,Très urgent,Terminé,2025-05-20,2025-06-03,2025-06-05,Sophie Laurent,15,1
WO3739,EQ494,Révision générale,Maintenance Transformateur 494 - Contrôle,Très urgent,Terminé,2025-07-02,2025-07-04,2025-07-07,Sophie Laurent,4,5
WO3740,EQ077,Dépannage urgent,Maintenance Compresseur 77 - Vérification,Très urgent,Terminé,2025-06-18,2025-06-21,2025-06-20,Jean Leroy,4,19
WO3741,EQ455,Amélioration,Maintenance Échangeur thermique 455 - Contrôle,Urgent,Annulé,2025-05-22,2025-05-23,,Claire Bernard,6,
WO3742,EQ499,Dépannage urgent,Maintenance Presse hydraulique 499 - Réparation,Très urgent,Annulé,2025-08-04,2025-08-12,,Marie Durand,4,
WO3743,EQ211,Maintenance corrective,Maintenance Groupe électrogène 211 - Réparation,Programmé,Terminé,2025-09-08,2025-09-19,2025-09-20,Marie Durand,15,17
WO3744,EQ459,Amélioration,Maintenance Chaudière 459 - Contrôle,Normal,Terminé,2025-07-03,2025-07-17,2025-07-17,Sophie Laurent,15,11
WO3745,EQ093,Maintenance préventive,Maintenance Ventilateur 93 - Réparation,Très urgent,Ouvert,2025-11-04,2025-11-08,,Claire Bernard,4,
WO3746,EQ005,Inspection,Maintenance Presse hydraulique 05 - Réparation,Programmé,Terminé,2025-09-14,2025-09-19,2025-09-18,Martin Dubois,3,20
WO3747,EQ188,Dépannage urgent,Maintenance Presse hydraulique 188 - Contrôle,Programmé,Terminé,2025-07-25,2025-08-02,2025-08-04,Jean Leroy,8,8
WO3748,EQ387,Révision générale,Maintenance Robot industriel 387 - Remplacement,Très urgent,Terminé,2025-08-10,2025-08-24,2025-08-27,Claire Bernard,13,17
WO3749,EQ193,Maintenance corrective,Maintenance Transformateur 193 - Remplacement,Programmé,Terminé,2025-06-07,2025-06-13,2025-06-12,Jean Leroy,4,4
WO3750,EQ274,Maintenance préventive,Maintenance Groupe électrogène 274 - Vérification,Urgent,Annulé,2025-08-13,2025-08-26,,Sophie Laurent,6,
WO3751,EQ255,Révision générale,Maintenance Robot industriel 255 - Vérification,Normal,Terminé,2025-10-22,2025-11-03,2025-11-08,Claire Bernard,6,5
WO3752,EQ409,Nettoyage,Maintenance Chaudière 409 - Réparation,Urgent,Annulé,2025-06-12,2025-06-25,,Pierre Moreau,6,
WO3753,EQ018,Maintenance préventive,Maintenance Convoyeur 18 - Vérification,Urgent,Terminé,2025-10-03,2025-10-08,2025-10-11,Sophie Laurent,2,9
WO3754,EQ058,Nettoyage,Maintenance Chaudière 58 - Réparation,Normal,Terminé,2025-06-09,2025-06-21,2025-06-22,Martin Dubois,13,13
WO3755,EQ379,Révision générale,Maintenance Convoyeur 379 - Remplacement,Urgent,Terminé,2025-06-05,2025-06-18,2025-06-23,Pierre Moreau,4,11
WO3756,EQ346,Inspection,Maintenance Ventilateur 346 - Vérification,Très urgent,Annulé,2025-06-21,2025-06-29,,Jean Leroy,3,
WO3757,EQ269,Maintenance corrective,Maintenance Échangeur thermique 269 - Vérification,Programmé,Ouvert,2025-11-04,2025-11-10,,Martin Dubois,15,
WO3758,EQ044,Maintenance corrective,Maintenance Moteur électrique 44 - Contrôle,Normal,Terminé,2025-08-12,2025-08-19,2025-08-19,Pierre Moreau,10,12
WO3759,EQ390,Maintenance préventive,Maintenance Pompe centrifuge 390 - Vérification,Normal,Terminé,2025-06-26,2025-07-02,2025-07-03,Sophie Laurent,12,11
WO3760,EQ009,Maintenance préventive,Maintenance Convoyeur 09 - Remplacement,Urgent,En cours,2025-10-15,2025-10-25,,Claire Bernard,3,
WO3761,EQ144,Maintenance préventive,Maintenance Transformateur 144 - Vérification,Normal,Terminé,2025-09-06,2025-09-07,2025-09-09,Jean Leroy,4,20
WO3762,EQ240,Révision générale,Maintenance Convoyeur 240 - Contrôle,Très urgent,Annulé,2025-05-18,2025-05-29,,Sophie Laurent,3,
WO3763,EQ255,Amélioration,Maintenance Robot industriel 255 - Réparation,Normal,Terminé,2025-10-04,2025-10-18,2025-10-21,Marie Durand,15,3
WO3764,EQ279,Inspection,Maintenance Presse hydraulique 279 - Vérification,Normal,Terminé,2025-06-21,2025-07-05,2025-07-07,Claire Bernard,3,14
WO3765,EQ019,Maintenance préventive,Maintenance Robot industriel 19 - Contrôle,Normal,Terminé,2025-08-09,2025-08-19,2025-08-21,Jean Leroy,10,10
WO3766,EQ029,Nettoyage,Maintenance Presse hydraulique 29 - Contrôle,Urgent,En cours,2025-10-21,2025-10-23,,Martin Dubois,11,
WO3767,EQ018,Maintenance corrective,Maintenance Convoyeur 18 - Vérification,Très urgent,Terminé,2025-10-21,2025-10-23,2025-10-23,Pierre Moreau,8,13
WO3768,EQ151,Maintenance préventive,Maintenance Pompe centrifuge 151 - Vérification,Normal,Terminé,2025-07-27,2025-08-06,2025-08-10,Martin Dubois,16,4
WO3769,EQ441,Révision générale,Maintenance Chaudière 441 - Réparation,Urgent,Terminé,2025-10-09,2025-10-23,2025-10-25,Jean Leroy,7,6
WO3770,EQ283,Nettoyage,Maintenance Ventilateur 283 - Contrôle,Normal,Terminé,2025-05-18,2025-05-27,2025-05-30,Claire Bernard,14,9
WO3771,EQ443,Maintenance corrective,Maintenance Transformateur 443 - Vérification,Programmé,Annulé,2025-07-07,2025-07-09,,Jean Leroy,10,
WO3772,EQ371,Amélioration,Maintenance Groupe électrogène 371 - Contrôle,Normal,Annulé,2025-08-10,2025-08-13,,Martin Dubois,6,
WO3773,EQ380,Inspection,Maintenance Robot industriel 380 - Réparation,Programmé,Terminé,2025-08-12,2025-08-23,2025-08-22,Martin Dubois,6,4
WO3774,EQ346,Inspection,Maintenance Ventilateur 346 - Réparation,Urgent,Terminé,2025-08-26,2025-08-30,2025-09-02,Martin Dubois,1,1
WO3775,EQ059,Dépannage urgent,Maintenance Ventilateur 59 - Vérification,Normal,Annulé,2025-09-08,2025-09-15,,Sophie Laurent,2,
WO3776,EQ178,Maintenance préventive,Maintenance Moteur électrique 178 - Contrôle,Normal,Annulé,2025-09-22,2025-09-23,,Sophie Laurent,6,
WO3777,EQ307,Révision générale,Maintenance Presse hydraulique 307 - Vérification,Très urgent,Annulé,2025-06-03,2025-06-14,,Jean Leroy,2,
WO3778,EQ097,Dépannage urgent,Maintenance Presse hydraulique 97 - Réparation,Programmé,Terminé,2025-05-11,2025-05-23,2025-05-23,Pierre Moreau,11,14
WO3779,EQ286,Inspection,Maintenance Pompe centrifuge 286 - Réparation,Normal,Terminé,2025-06-09,2025-06-11,2025-06-10,Martin Dubois,5,15
WO3780,EQ167,Nettoyage,Maintenance Transformateur 167 - Contrôle,Urgent,Terminé,2025-08-17,2025-08-31,2025-09-01,Marie Durand,15,4
WO3781,EQ477,Maintenance préventive,Maintenance Ventilateur 477 - Contrôle,Urgent,Terminé,2025-08-07,2025-08-09,2025-08-12,Martin Dubois,9,11
WO3782,EQ098,Maintenance corrective,Maintenance Presse hydraulique 98 - Vérification,Normal,Terminé,2025-07-29,2025-08-11,2025-08-16,Marie Durand,10,10
WO3783,EQ302,Dépannage urgent,Maintenance Ventilateur 302 - Vérification,Programmé,Annulé,2025-09-22,2025-09-30,,Marie Durand,15,
WO3784,EQ128,Amélioration,Maintenance Moteur électrique 128 - Contrôle,Urgent,Terminé,2025-10-09,2025-10-10,2025-10-08,Martin Dubois,12,6
WO3785,EQ002,Nettoyage,Maintenance Convoyeur 02 - Contrôle,Programmé,Terminé,2025-08-07,2025-08-12,2025-08-13,Martin Dubois,3,15
WO3786,EQ418,Nettoyage,Maintenance Convoyeur 418 - Remplacement,Normal,Terminé,2025-08-15,2025-08-18,2025-08-16,Pierre Moreau,5,13
WO3787,EQ045,Nettoyage,Maintenance Groupe électrogène 45 - Remplacement,Programmé,Annulé,2025-09-16,2025-09-23,,Sophie Laurent,11,
WO3788,EQ275,Amélioration,Maintenance Groupe électrogène 275 - Vérification,Programmé,Terminé,2025-09-07,2025-09-12,2025-09-15,Jean Leroy,7,7
WO3789,EQ187,Révision générale,Maintenance Moteur électrique 187 - Vérification,Programmé,Terminé,2025-05-30,2025-06-01,2025-06-04,Martin Dubois,3,19
WO3790,EQ192,Inspection,Maintenance Ventilateur 192 - Contrôle,Programmé,Terminé,2025-05-28,2025-06-02,2025-06-06,Martin Dubois,1,8
WO3791,EQ337,Inspection,Maintenance Ventilateur 337 - Contrôle,Urgent,Terminé,2025-09-14,2025-09-18,2025-09-19,Pierre Moreau,12,13
WO3792,EQ122,Maintenance préventive,Maintenance Convoyeur 122 - Remplacement,Très urgent,Terminé,2025-06-13,2025-06-22,2025-06-25,Claire Bernard,2,18
WO3793,EQ318,Dépannage urgent,Maintenance Transformateur 318 - Réparation,Très urgent,Terminé,2025-10-06,2025-10-13,2025-10-11,Claire Bernard,5,1
WO3794,EQ296,Inspection,Maintenance Groupe électrogène 296 - Vérification,Programmé,Annulé,2025-06-07,2025-06-10,,Jean Leroy,5,
WO3795,EQ498,Amélioration,Maintenance Réducteur 498 - Réparation,Normal,Annulé,2025-06-27,2025-07-08,,Jean Leroy,1,
WO3796,EQ027,Amélioration,Maintenance Ventilateur 27 - Remplacement,Urgent,Annulé,2025-09-30,2025-10-04,,Martin Dubois,6,
WO3797,EQ449,Maintenance préventive,Maintenance Réducteur 449 - Vérification,Normal,Terminé,2025-05-10,2025-05-23,2025-05-25,Claire Bernard,13,14
WO3798,EQ144,Maintenance corrective,Maintenance Transformateur 144 - Réparation,Très urgent,Terminé,2025-07-06,2025-07-15,2025-07-20,Sophie Laurent,13,13
WO3799,EQ062,Maintenance préventive,Maintenance Transformateur 62 - Remplacement,Urgent,Annulé,2025-08-17,2025-08-20,,Jean Leroy,2,
WO3800,EQ020,Maintenance préventive,Maintenance Groupe électrogène 20 - Contrôle,Normal,Terminé,2025-06-08,2025-06-21,2025-06-23,Jean Leroy,15,10
WO3801,EQ178,Nettoyage,Maintenance Moteur électrique 178 - Contrôle,Programmé,Terminé,2025-08-01,2025-08-13,2025-08-16,Jean Leroy,8,6
WO3802,EQ206,Maintenance corrective,Maintenance Moteur électrique 206 - Vérification,Programmé,En cours,2025-10-24,2025-10-26,,Sophie Laurent,15,
WO3803,EQ173,Nettoyage,Maintenance Pompe centrifuge 173 - Contrôle,Normal,Annulé,2025-07-19,2025-07-28,,Martin Dubois,9,
WO3804,EQ446,Inspection,Maintenance Presse hydraulique 446 - Remplacement,Très urgent,Terminé,2025-05-17,2025-05-18,2025-05-18,Claire Bernard,3,14
WO3805,EQ010,Révision générale,Maintenance Échangeur thermique 10 - Remplacement,Normal,Terminé,2025-09-26,2025-10-05,2025-10-10,Jean Leroy,3,16
WO3806,EQ334,Maintenance préventive,Maintenance Réducteur 334 - Remplacement,Très urgent,Terminé,2025-06-10,2025-06-19,2025-06-24,Jean Leroy,4,1
WO3807,EQ294,Révision générale,Maintenance Pompe centrifuge 294 - Remplacement,Très urgent,Terminé,2025-06-15,2025-06-24,2025-06-27,Pierre Moreau,6,5
WO3808,EQ053,Révision générale,Maintenance Ventilateur 53 - Contrôle,Très urgent,Annulé,2025-05-20,2025-05-21,,Claire Bernard,11,
WO3809,EQ145,Révision générale,Maintenance Ventilateur 145 - Remplacement,Très urgent,Terminé,2025-08-08,2025-08-12,2025-08-10,Sophie Laurent,2,18
WO3810,EQ404,Inspection,Maintenance Presse hydraulique 404 - Contrôle,Programmé,Terminé,2025-07-03,2025-07-15,2025-07-18,Marie Durand,10,16
WO3811,EQ072,Maintenance corrective,Maintenance Presse hydraulique 72 - Vérification,Normal,Annulé,2025-07-30,2025-08-02,,Claire Bernard,4,
WO3812,EQ018,Révision générale,Maintenance Convoyeur 18 - Vérification,Normal,Terminé,2025-09-30,2025-10-05,2025-10-08,Sophie Laurent,11,17
WO3813,EQ117,Nettoyage,Maintenance Réducteur 117 - Réparation,Très urgent,Terminé,2025-07-27,2025-08-05,2025-08-04,Sophie Laurent,8,11
WO3814,EQ304,Amélioration,Maintenance Réducteur 304 - Réparation,Très urgent,Terminé,2025-10-29,2025-10-31,2025-11-05,Sophie Laurent,12,18
WO3815,EQ378,Maintenance corrective,Maintenance Réducteur 378 - Vérification,Très urgent,Annulé,2025-08-28,2025-09-03,,Claire Bernard,8,
WO3816,EQ318,Révision générale,Maintenance Transformateur 318 - Contrôle,Normal,Terminé,2025-09-27,2025-10-09,2025-10-11,Martin Dubois,15,10
WO3817,EQ003,Inspection,Maintenance Presse hydraulique 03 - Vérification,Très urgent,Terminé,2025-05-18,2025-05-24,2025-05-27,Pierre Moreau,8,18
WO3818,EQ357,Dépannage urgent,Maintenance Chaudière 357 - Réparation,Programmé,Terminé,2025-08-16,2025-08-27,2025-09-01,Martin Dubois,5,10
WO3819,EQ160,Dépannage urgent,Maintenance Robot industriel 160 - Remplacement,Normal,Terminé,2025-08-18,2025-08-29,2025-08-27,Jean Leroy,7,3
WO3820,EQ317,Maintenance préventive,Maintenance Robot industriel 317 - Contrôle,Urgent,Annulé,2025-06-29,2025-07-09,,Pierre Moreau,6,
WO3821,EQ387,Nettoyage,Maintenance Robot industriel 387 - Réparation,Très urgent,Annulé,2025-06-22,2025-06-25,,Pierre Moreau,2,
WO3822,EQ376,Amélioration,Maintenance Chaudière 376 - Réparation,Programmé,Terminé,2025-10-15,2025-10-29,2025-10-30,Sophie Laurent,6,6
WO3823,EQ095,Inspection,Maintenance Presse hydraulique 95 - Réparation,Programmé,En cours,2025-11-02,2025-11-12,,Claire Bernard,6,
WO3824,EQ133,Nettoyage,Maintenance Groupe électrogène 133 - Vérification,Normal,Terminé,2025-07-30,2025-08-11,2025-08-09,Claire Bernard,13,16
WO3825,EQ149,Inspection,Maintenance Compresseur 149 - Réparation,Programmé,En cours,2025-10-18,2025-10-21,,Claire Bernard,9,
WO3826,EQ369,Nettoyage,Maintenance Moteur électrique 369 - Contrôle,Normal,Terminé,2025-10-01,2025-10-02,2025-10-03,Marie Durand,2,6
WO3827,EQ377,Inspection,Maintenance Chaudière 377 - Réparation,Normal,Terminé,2025-10-05,2025-10-15,2025-10-14,Pierre Moreau,13,8
WO3828,EQ095,Amélioration,Maintenance Presse hydraulique 95 - Vérification,Normal,Annulé,2025-05-14,2025-05-16,,Jean Leroy,16,
WO3829,EQ010,Maintenance préventive,Maintenance Échangeur thermique 10 - Remplacement,Programmé,Terminé,2025-08-22,2025-09-05,2025-09-09,Marie Durand,14,17
WO3830,EQ342,Maintenance corrective,Maintenance Convoyeur 342 - Contrôle,Urgent,Terminé,2025-08-25,2025-09-07,2025-09-09,Martin Dubois,10,13
WO3831,EQ374,Nettoyage,Maintenance Réducteur 374 - Remplacement,Programmé,Terminé,2025-09-26,2025-10-01,2025-09-29,Jean Leroy,14,16
WO3832,EQ465,Révision générale,Maintenance Presse hydraulique 465 - Contrôle,Urgent,Terminé,2025-05-23,2025-06-06,2025-06-05,Pierre Moreau,5,1
WO3833,EQ280,Révision générale,Maintenance Compresseur 280 - Vérification,Urgent,Terminé,2025-06-26,2025-07-10,2025-07-10,Sophie Laurent,9,5
WO3834,EQ011,Dépannage urgent,Maintenance Chaudière 11 - Contrôle,Normal,Terminé,2025-09-24,2025-09-27,2025-09-26,Jean Leroy,10,19
WO3835,EQ029,Maintenance corrective,Maintenance Presse hydraulique 29 - Vérification,Très urgent,Terminé,2025-07-19,2025-07-31,2025-08-03,Marie Durand,4,11
WO3836,EQ076,Maintenance corrective,Maintenance Presse hydraulique 76 - Réparation,Programmé,Terminé,2025-08-09,2025-08-22,2025-08-20,Pierre Moreau,9,8
WO3837,EQ275,Nettoyage,Maintenance Groupe électrogène 275 - Réparation,Très urgent,Terminé,2025-05-31,2025-06-04,2025-06-06,Jean Leroy,16,11
WO3838,EQ485,Maintenance préventive,Maintenance Compresseur 485 - Réparation,Programmé,Terminé,2025-09-03,2025-09-17,2025-09-15,Claire Bernard,13,19
WO3839,EQ460,Maintenance corrective,Maintenance Groupe électrogène 460 - Vérification,Programmé,Terminé,2025-09-22,2025-10-05,2025-10-08,Sophie Laurent,4,10
WO3840,EQ112,Dépannage urgent,Maintenance Robot industriel 112 - Contrôle,Urgent,Terminé,2025-10-25,2025-10-30,2025-11-02,Claire Bernard,9,12
WO3841,EQ130,Maintenance préventive,Maintenance Réducteur 130 - Réparation,Normal,Terminé,2025-08-20,2025-08-26,2025-08-24,Sophie Laurent,8,7
WO3842,EQ111,Révision générale,Maintenance Presse hydraulique 111 - Vérification,Urgent,Annulé,2025-08-01,2025-08-13,,Claire Bernard,5,
WO3843,EQ462,Maintenance préventive,Maintenance Groupe électrogène 462 - Vérification,Programmé,Terminé,2025-05-15,2025-05-29,2025-06-01,Pierre Moreau,5,3
WO3844,EQ484,Maintenance corrective,Maintenance Échangeur thermique 484 - Vérification,Programmé,Terminé,2025-08-09,2025-08-16,2025-08-15,Marie Durand,15,3
WO3845,EQ028,Maintenance corrective,Maintenance Robot industriel 28 - Contrôle,Très urgent,En cours,2025-10-14,2025-10-15,,Marie Durand,9,
WO3846,EQ315,Nettoyage,Maintenance Convoyeur 315 - Contrôle,Très urgent,Terminé,2025-06-23,2025-07-03,2025-07-03,Marie Durand,1,19
WO3847,EQ326,Dépannage urgent,Maintenance Convoyeur 326 - Contrôle,Normal,Terminé,2025-10-05,2025-10-10,2025-10-15,Sophie Laurent,6,8
WO3848,EQ365,Maintenance préventive,Maintenance Robot industriel 365 - Contrôle,Normal,Terminé,2025-08-09,2025-08-17,2025-08-19,Sophie Laurent,12,8
WO3849,EQ111,Maintenance corrective,Maintenance Presse hydraulique 111 - Réparation,Urgent,Annulé,2025-08-14,2025-08-28,,Martin Dubois,8,
WO3850,EQ306,Révision générale,Maintenance Robot industriel 306 - Réparation,Normal,Terminé,2025-06-27,2025-06-28,2025-07-02,Martin Dubois,3,4
WO3851,EQ464,Dépannage urgent,Maintenance Presse hydraulique 464 - Réparation,Très urgent,Terminé,2025-07-16,2025-07-18,2025-07-21,Martin Dubois,13,5
WO3852,EQ162,Maintenance préventive,Maintenance Convoyeur 162 - Vérification,Urgent,Terminé,2025-08-18,2025-08-28,2025-09-02,Sophie Laurent,3,10
WO3853,EQ199,Amélioration,Maintenance Convoyeur 199 - Contrôle,Normal,Annulé,2025-05-10,2025-05-12,,Marie Durand,4,
WO3854,EQ371,Nettoyage,Maintenance Groupe électrogène 371 - Vérification,Urgent,Annulé,2025-08-29,2025-09-09,,Martin Dubois,4,
WO3855,EQ293,Amélioration,Maintenance Réducteur 293 - Vérification,Très urgent,Terminé,2025-10-02,2025-10-07,2025-10-07,Pierre Moreau,4,16
WO3856,EQ357,Dépannage urgent,Maintenance Chaudière 357 - Remplacement,Urgent,Terminé,2025-07-20,2025-08-02,2025-08-06,Sophie Laurent,8,20
WO3857,EQ181,Inspection,Maintenance Chaudière 181 - Vérification,Normal,Terminé,2025-07-24,2025-08-02,2025-08-04,Jean Leroy,5,8
WO3858,EQ422,Amélioration,Maintenance Pompe centrifuge 422 - Contrôle,Normal,Annulé,2025-09-05,2025-09-16,,Claire Bernard,12,
WO3859,EQ085,Nettoyage,Maintenance Robot industriel 85 - Contrôle,Très urgent,Terminé,2025-08-13,2025-08-16,2025-08-16,Sophie Laurent,4,9
WO3860,EQ020,Dépannage urgent,Maintenance Groupe électrogène 20 - Réparation,Programmé,Terminé,2025-08-24,2025-08-30,2025-09-01,Martin Dubois,9,9
WO3861,EQ084,Amélioration,Maintenance Chaudière 84 - Contrôle,Programmé,Annulé,2025-09-22,2025-09-26,,Pierre Moreau,11,
WO3862,EQ023,Amélioration,Maintenance Robot industriel 23 - Remplacement,Programmé,Terminé,2025-06-14,2025-06-21,2025-06-22,Marie Durand,11,3
WO3863,EQ484,Amélioration,Maintenance Échangeur thermique 484 - Vérification,Programmé,Terminé,2025-07-31,2025-08-12,2025-08-12,Pierre Moreau,6,19
WO3864,EQ134,Amélioration,Maintenance Robot industriel 134 - Réparation,Urgent,En cours,2025-10-14,2025-10-28,,Marie Durand,5,
WO3865,EQ414,Dépannage urgent,Maintenance Pompe centrifuge 414 - Contrôle,Urgent,Terminé,2025-07-09,2025-07-19,2025-07-22,Jean Leroy,7,20
WO3866,EQ085,Inspection,Maintenance Robot industriel 85 - Contrôle,Programmé,Annulé,2025-09-22,2025-09-24,,Martin Dubois,7,
WO3867,EQ424,Révision générale,Maintenance Groupe électrogène 424 - Contrôle,Très urgent,Terminé,2025-07-04,2025-07-15,2025-07-19,Claire Bernard,1,6
WO3868,EQ057,Maintenance préventive,Maintenance Échangeur thermique 57 - Contrôle,Normal,Terminé,2025-09-03,2025-09-16,2025-09-17,Pierre Moreau,15,15
WO3869,EQ487,Amélioration,Maintenance Chaudière 487 - Réparation,Normal,Terminé,2025-10-22,2025-10-31,2025-11-02,Jean Leroy,15,15
WO3870,EQ486,Nettoyage,Maintenance Robot industriel 486 - Contrôle,Très urgent,Terminé,2025-07-16,2025-07-18,2025-07-19,Claire Bernard,15,11
WO3871,EQ294,Amélioration,Maintenance Pompe centrifuge 294 - Remplacement,Très urgent,Annulé,2025-05-15,2025-05-22,,Sophie Laurent,4,
WO3872,EQ169,Révision générale,Maintenance Compresseur 169 - Réparation,Programmé,Annulé,2025-07-11,2025-07-24,,Pierre Moreau,6,
WO3873,EQ250,Dépannage urgent,Maintenance Transformateur 250 - Remplacement,Programmé,Annulé,2025-05-12,2025-05-16,,Pierre Moreau,16,
WO3874,EQ343,Amélioration,Maintenance Transformateur 343 - Contrôle,Normal,Terminé,2025-07-21,2025-07-29,2025-08-01,Claire Bernard,8,3
WO3875,EQ245,Dépannage urgent,Maintenance Chaudière 245 - Remplacement,Normal,Terminé,2025-10-17,2025-10-20,2025-10-25,Jean Leroy,16,19
WO3876,EQ464,Révision générale,Maintenance Presse hydraulique 464 - Vérification,Programmé,Annulé,2025-05-23,2025-06-05,,Claire Bernard,2,
WO3877,EQ437,Amélioration,Maintenance Pompe centrifuge 437 - Remplacement,Urgent,Terminé,2025-05-30,2025-06-13,2025-06-12,Marie Durand,6,17
WO3878,EQ088,Inspection,Maintenance Moteur électrique 88 - Remplacement,Urgent,Annulé,2025-05-28,2025-05-31,,Martin Dubois,8,
WO3879,EQ437,Dépannage urgent,Maintenance Pompe centrifuge 437 - Réparation,Programmé,En cours,2025-10-27,2025-10-31,,Sophie Laurent,1,
WO3880,EQ086,Révision générale,Maintenance Presse hydraulique 86 - Contrôle,Très urgent,Terminé,2025-09-03,2025-09-04,2025-09-07,Pierre Moreau,5,2
WO3881,EQ091,Inspection,Maintenance Groupe électrogène 91 - Vérification,Très urgent,Terminé,2025-08-04,2025-08-05,2025-08-09,Martin Dubois,1,18
WO3882,EQ296,Maintenance préventive,Maintenance Groupe électrogène 296 - Réparation,Urgent,En cours,2025-11-04,2025-11-08,,Sophie Laurent,8,
WO3883,EQ069,Révision générale,Maintenance Échangeur thermique 69 - Vérification,Urgent,Terminé,2025-07-28,2025-08-03,2025-08-04,Martin Dubois,4,4
WO3884,EQ123,Amélioration,Maintenance Moteur électrique 123 - Vérification,Urgent,Annulé,2025-09-05,2025-09-17,,Claire Bernard,5,
WO3885,EQ167,Dépannage urgent,Maintenance Transformateur 167 - Vérification,Programmé,Annulé,2025-09-21,2025-10-03,,Jean Leroy,5,
WO3886,EQ116,Inspection,Maintenance Compresseur 116 - Contrôle,Normal,Terminé,2025-09-20,2025-09-24,2025-09-24,Sophie Laurent,15,15
WO3887,EQ046,Amélioration,Maintenance Robot industriel 46 - Contrôle,Urgent,Annulé,2025-08-22,2025-08-23,,Claire Bernard,3,
WO3888,EQ290,Maintenance corrective,Maintenance Moteur électrique 290 - Vérification,Programmé,Terminé,2025-08-04,2025-08-16,2025-08-17,Claire Bernard,8,5
WO3889,EQ070,Maintenance corrective,Maintenance Échangeur thermique 70 - Contrôle,Très urgent,Terminé,2025-07-16,2025-07-27,2025-07-28,Marie Durand,1,19
WO3890,EQ131,Inspection,Maintenance Presse hydraulique 131 - Vérification,Normal,Terminé,2025-09-25,2025-09-26,2025-09-29,Claire Bernard,9,2
WO3891,EQ042,Nettoyage,Maintenance Moteur électrique 42 - Remplacement,Normal,En cours,2025-10-15,2025-10-23,,Pierre Moreau,16,
WO3892,EQ227,Nettoyage,Maintenance Transformateur 227 - Remplacement,Programmé,Terminé,2025-09-04,2025-09-11,2025-09-09,Jean Leroy,7,20
WO3893,EQ304,Inspection,Maintenance Réducteur 304 - Réparation,Urgent,Annulé,2025-08-16,2025-08-20,,Claire Bernard,6,
WO3894,EQ358,Maintenance préventive,Maintenance Compresseur 358 - Vérification,Programmé,Annulé,2025-08-08,2025-08-11,,Martin Dubois,13,
WO3895,EQ011,Maintenance corrective,Maintenance Chaudière 11 - Remplacement,Urgent,Terminé,2025-10-05,2025-10-14,2025-10-18,Claire Bernard,2,16
WO3896,EQ259,Dépannage urgent,Maintenance Réducteur 259 - Remplacement,Urgent,Annulé,2025-09-30,2025-10-11,,Sophie Laurent,16,
WO3897,EQ020,Révision générale,Maintenance Groupe électrogène 20 - Vérification,Très urgent,Terminé,2025-06-27,2025-07-09,2025-07-07,Pierre Moreau,2,14
WO3898,EQ025,Révision générale,Maintenance Robot industriel 25 - Remplacement,Programmé,Terminé,2025-10-04,2025-10-10,2025-10-11,Jean Leroy,7,9
WO3899,EQ137,Révision générale,Maintenance Chaudière 137 - Contrôle,Normal,Terminé,2025-05-11,2025-05-24,2025-05-26,Jean Leroy,16,8
WO3900,EQ286,Inspection,Maintenance Pompe centrifuge 286 - Réparation,Normal,Terminé,2025-07-08,2025-07-19,2025-07-22,Claire Bernard,5,9
WO3901,EQ474,Inspection,Maintenance Échangeur thermique 474 - Vérification,Urgent,Terminé,2025-06-15,2025-06-26,2025-06-28,Jean Leroy,5,17
WO3902,EQ006,Maintenance préventive,Maintenance Convoyeur 06 - Remplacement,Programmé,Terminé,2025-06-29,2025-07-08,2025-07-08,Martin Dubois,1,7
WO3903,EQ158,Dépannage urgent,Maintenance Groupe électrogène 158 - Remplacement,Urgent,Terminé,2025-08-10,2025-08-16,2025-08-19,Pierre Moreau,13,8
WO3904,EQ379,Inspection,Maintenance Convoyeur 379 - Vérification,Très urgent,Terminé,2025-08-02,2025-08-14,2025-08-15,Marie Durand,6,17
WO3905,EQ207,Amélioration,Maintenance Groupe électrogène 207 - Vérification,Programmé,Annulé,2025-10-05,2025-10-19,,Marie Durand,1,
WO3906,EQ475,Révision générale,Maintenance Échangeur thermique 475 - Remplacement,Normal,Annulé,2025-08-16,2025-08-30,,Jean Leroy,8,
WO3907,EQ457,Dépannage urgent,Maintenance Presse hydraulique 457 - Remplacement,Urgent,En cours,2025-10-30,2025-11-01,,Jean Leroy,14,
WO3908,EQ331,Inspection,Maintenance Moteur électrique 331 - Remplacement,Très urgent,Terminé,2025-08-01,2025-08-10,2025-08-13,Sophie Laurent,12,5
WO3909,EQ253,Nettoyage,Maintenance Robot industriel 253 - Réparation,Normal,Annulé,2025-06-25,2025-06-30,,Pierre Moreau,1,
WO3910,EQ217,Amélioration,Maintenance Réducteur 217 - Remplacement,Normal,En cours,2025-10-26,2025-11-08,,Marie Durand,15,
WO3911,EQ483,Nettoyage,Maintenance Groupe électrogène 483 - Vérification,Urgent,Annulé,2025-08-01,2025-08-03,,Martin Dubois,2,
WO3912,EQ377,Amélioration,Maintenance Chaudière 377 - Contrôle,Urgent,Annulé,2025-08-07,2025-08-20,,Marie Durand,11,
WO3913,EQ302,Dépannage urgent,Maintenance Ventilateur 302 - Vérification,Programmé,Terminé,2025-08-23,2025-08-31,2025-09-05,Sophie Laurent,16,16
WO3914,EQ143,Dépannage urgent,Maintenance Convoyeur 143 - Réparation,Normal,Terminé,2025-05-23,2025-06-03,2025-06-02,Marie Durand,16,4
WO3915,EQ054,Maintenance corrective,Maintenance Ventilateur 54 - Contrôle,Programmé,Annulé,2025-10-04,2025-10-17,,Sophie Laurent,16,
WO3916,EQ336,Révision générale,Maintenance Échangeur thermique 336 - Contrôle,Normal,Terminé,2025-08-07,2025-08-13,2025-08-16,Marie Durand,5,4
WO3917,EQ293,Dépannage urgent,Maintenance Réducteur 293 - Réparation,Très urgent,Annulé,2025-05-13,2025-05-26,,Pierre Moreau,10,
WO3918,EQ367,Maintenance préventive,Maintenance Convoyeur 367 - Contrôle,Très urgent,Terminé,2025-07-02,2025-07-07,2025-07-08,Marie Durand,10,9
WO3919,EQ473,Inspection,Maintenance Échangeur thermique 473 - Réparation,Programmé,Terminé,2025-06-23,2025-06-25,2025-06-26,Claire Bernard,16,13
WO3920,EQ242,Dépannage urgent,Maintenance Réducteur 242 - Remplacement,Urgent,Annulé,2025-07-04,2025-07-08,,Sophie Laurent,16,
WO3921,EQ273,Inspection,Maintenance Robot industriel 273 - Vérification,Urgent,Terminé,2025-08-16,2025-08-18,2025-08-21,Martin Dubois,7,9
WO3922,EQ178,Dépannage urgent,Maintenance Moteur électrique 178 - Réparation,Urgent,Terminé,2025-06-24,2025-06-30,2025-07-05,Pierre Moreau,8,4
WO3923,EQ220,Nettoyage,Maintenance Groupe électrogène 220 - Réparation,Normal,Annulé,2025-06-19,2025-06-26,,Marie Durand,2,
WO3924,EQ017,Inspection,Maintenance Échangeur thermique 17 - Vérification,Très urgent,Terminé,2025-08-29,2025-09-05,2025-09-06,Jean Leroy,8,16
WO3925,EQ071,Révision générale,Maintenance Moteur électrique 71 - Réparation,Normal,Annulé,2025-06-12,2025-06-23,,Martin Dubois,4,
WO3926,EQ024,Maintenance corrective,Maintenance Moteur électrique 24 - Remplacement,Normal,Terminé,2025-05-31,2025-06-13,2025-06-18,Claire Bernard,9,18
WO3927,EQ433,Révision générale,Maintenance Groupe électrogène 433 - Réparation,Urgent,Terminé,2025-08-02,2025-08-15,2025-08-19,Pierre Moreau,9,20
WO3928,EQ425,Maintenance corrective,Maintenance Réducteur 425 - Contrôle,Normal,Terminé,2025-10-24,2025-11-01,2025-11-02,Pierre Moreau,8,13
WO3929,EQ081,Révision générale,Maintenance Ventilateur 81 - Réparation,Urgent,Terminé,2025-10-02,2025-10-09,2025-10-07,Jean Leroy,1,6
WO3930,EQ100,Révision générale,Maintenance Convoyeur 100 - Vérification,Programmé,Terminé,2025-09-30,2025-10-09,2025-10-09,Jean Leroy,5,3
WO3931,EQ298,Maintenance corrective,Maintenance Robot industriel 298 - Vérification,Urgent,Terminé,2025-10-06,2025-10-12,2025-10-14,Martin Dubois,5,8
WO3932,EQ283,Dépannage urgent,Maintenance Ventilateur 283 - Vérification,Très urgent,Terminé,2025-06-28,2025-07-08,2025-07-13,Jean Leroy,13,1
WO3933,EQ246,Inspection,Maintenance Compresseur 246 - Contrôle,Programmé,Terminé,2025-09-22,2025-09-30,2025-10-05,Jean Leroy,5,12
WO3934,EQ345,Maintenance préventive,Maintenance Transformateur 345 - Réparation,Urgent,Terminé,2025-05-30,2025-06-10,2025-06-15,Martin Dubois,9,6
WO3935,EQ277,Maintenance préventive,Maintenance Échangeur thermique 277 - Vérification,Urgent,Annulé,2025-07-09,2025-07-20,,Martin Dubois,8,
WO3936,EQ164,Amélioration,Maintenance Compresseur 164 - Remplacement,Programmé,Terminé,2025-08-08,2025-08-15,2025-08-20,Pierre Moreau,3,5
WO3937,EQ371,Amélioration,Maintenance Groupe électrogène 371 - Contrôle,Urgent,Terminé,2025-10-01,2025-10-03,2025-10-06,Jean Leroy,12,13
WO3938,EQ195,Maintenance corrective,Maintenance Réducteur 195 - Réparation,Très urgent,En cours,2025-10-27,2025-11-01,,Claire Bernard,3,
WO3939,EQ493,Inspection,Maintenance Réducteur 493 - Remplacement,Programmé,Terminé,2025-08-02,2025-08-09,2025-08-08,Claire Bernard,2,5
WO3940,EQ442,Maintenance préventive,Maintenance Pompe centrifuge 442 - Réparation,Très urgent,Terminé,2025-10-26,2025-10-27,2025-10-31,Jean Leroy,16,17
WO3941,EQ486,Maintenance corrective,Maintenance Robot industriel 486 - Contrôle,Urgent,Terminé,2025-07-14,2025-07-22,2025-07-27,Jean Leroy,16,17
WO3942,EQ370,Dépannage urgent,Maintenance Ventilateur 370 - Vérification,Très urgent,Terminé,2025-09-11,2025-09-13,2025-09-17,Marie Durand,10,19
WO3943,EQ092,Inspection,Maintenance Transformateur 92 - Contrôle,Très urgent,Terminé,2025-07-24,2025-08-04,2025-08-09,Jean Leroy,5,20
WO3944,EQ134,Inspection,Maintenance Robot industriel 134 - Remplacement,Très urgent,Terminé,2025-07-09,2025-07-16,2025-07-16,Martin Dubois,15,15
WO3945,EQ342,Dépannage urgent,Maintenance Convoyeur 342 - Remplacement,Normal,Terminé,2025-08-29,2025-08-30,2025-08-31,Martin Dubois,16,4
WO3946,EQ469,Dépannage urgent,Maintenance Moteur électrique 469 - Vérification,Programmé,Terminé,2025-05-23,2025-06-06,2025-06-07,Martin Dubois,5,13
WO3947,EQ021,Amélioration,Maintenance Échangeur thermique 21 - Vérification,Programmé,Annulé,2025-08-31,2025-09-07,,Jean Leroy,12,
WO3948,EQ035,Nettoyage,Maintenance Transformateur 35 - Vérification,Programmé,Terminé,2025-06-18,2025-06-22,2025-06-20,Martin Dubois,16,4
WO3949,EQ333,Nettoyage,Maintenance Compresseur 333 - Remplacement,Normal,Terminé,2025-10-21,2025-10-22,2025-10-27,Pierre Moreau,10,16
WO3950,EQ193,Nettoyage,Maintenance Transformateur 193 - Contrôle,Normal,Terminé,2025-07-22,2025-07-23,2025-07-28,Jean Leroy,13,8
WO3951,EQ063,Nettoyage,Maintenance Convoyeur 63 - Vérification,Urgent,Terminé,2025-05-16,2025-05-24,2025-05-28,Pierre Moreau,1,20
WO3952,EQ343,Inspection,Maintenance Transformateur 343 - Contrôle,Normal,Terminé,2025-08-06,2025-08-14,2025-08-12,Claire Bernard,6,10
WO3953,EQ123,Dépannage urgent,Maintenance Moteur électrique 123 - Remplacement,Normal,Terminé,2025-08-12,2025-08-23,2025-08-26,Marie Durand,11,15
WO3954,EQ106,Maintenance corrective,Maintenance Pompe centrifuge 106 - Vérification,Normal,Terminé,2025-07-14,2025-07-25,2025-07-27,Martin Dubois,12,9
WO3955,EQ384,Nettoyage,Maintenance Transformateur 384 - Vérification,Très urgent,Annulé,2025-06-09,2025-06-21,,Martin Dubois,10,
WO3956,EQ143,Révision générale,Maintenance Convoyeur 143 - Vérification,Très urgent,En cours,2025-10-24,2025-10-31,,Marie Durand,16,
WO3957,EQ355,Amélioration,Maintenance Moteur électrique 355 - Contrôle,Très urgent,Terminé,2025-06-10,2025-06-17,2025-06-15,Pierre Moreau,11,18
WO3958,EQ159,Inspection,Maintenance Transformateur 159 - Remplacement,Urgent,Terminé,2025-07-25,2025-08-03,2025-08-03,Martin Dubois,4,18
WO3959,EQ183,Inspection,Maintenance Robot industriel 183 - Vérification,Normal,Terminé,2025-07-14,2025-07-20,2025-07-18,Sophie Laurent,7,18
WO3960,EQ356,Amélioration,Maintenance Compresseur 356 - Réparation,Programmé,Annulé,2025-05-22,2025-05-28,,Claire Bernard,7,
WO3961,EQ269,Amélioration,Maintenance Échangeur thermique 269 - Contrôle,Programmé,Terminé,2025-08-29,2025-09-03,2025-09-06,Jean Leroy,10,12
WO3962,EQ179,Maintenance corrective,Maintenance Compresseur 179 - Contrôle,Normal,Terminé,2025-07-17,2025-07-21,2025-07-22,Martin Dubois,14,10
WO3963,EQ216,Révision générale,Maintenance Groupe électrogène 216 - Réparation,Très urgent,Annulé,2025-08-15,2025-08-27,,Sophie Laurent,11,
WO3964,EQ439,Dépannage urgent,Maintenance Ventilateur 439 - Remplacement,Très urgent,Terminé,2025-08-12,2025-08-18,2025-08-16,Martin Dubois,3,1
WO3965,EQ160,Maintenance préventive,Maintenance Robot industriel 160 - Contrôle,Programmé,Annulé,2025-06-14,2025-06-19,,Marie Durand,9,
WO3966,EQ385,Nettoyage,Maintenance Convoyeur 385 - Remplacement,Programmé,Annulé,2025-07-16,2025-07-22,,Jean Leroy,7,
WO3967,EQ399,Amélioration,Maintenance Pompe centrifuge 399 - Remplacement,Programmé,Annulé,2025-05-25,2025-06-04,,Jean Leroy,15,
WO3968,EQ386,Révision générale,Maintenance Pompe centrifuge 386 - Vérification,Normal,Ouvert,2025-11-04,2025-11-05,,Pierre Moreau,12,
WO3969,EQ226,Dépannage urgent,Maintenance Convoyeur 226 - Réparation,Urgent,Terminé,2025-07-15,2025-07-21,2025-07-21,Claire Bernard,3,15
WO3970,EQ457,Amélioration,Maintenance Presse hydraulique 457 - Contrôle,Urgent,Terminé,2025-07-08,2025-07-12,2025-07-16,Sophie Laurent,3,18
WO3971,EQ005,Révision générale,Maintenance Presse hydraulique 05 - Contrôle,Normal,Terminé,2025-08-01,2025-08-14,2025-08-17,Pierre Moreau,4,7
WO3972,EQ153,Amélioration,Maintenance Échangeur thermique 153 - Vérification,Programmé,Terminé,2025-07-22,2025-08-02,2025-08-05,Sophie Laurent,3,7
WO3973,EQ243,Révision générale,Maintenance Presse hydraulique 243 - Réparation,Urgent,Terminé,2025-06-03,2025-06-12,2025-06-14,Sophie Laurent,5,9
WO3974,EQ386,Dépannage urgent,Maintenance Pompe centrifuge 386 - Remplacement,Très urgent,Terminé,2025-07-18,2025-07-24,2025-07-25,Martin Dubois,7,15
WO3975,EQ270,Révision générale,Maintenance Convoyeur 270 - Contrôle,Très urgent,Terminé,2025-07-19,2025-07-25,2025-07-28,Jean Leroy,11,17
WO3976,EQ116,Révision générale,Maintenance Compresseur 116 - Réparation,Urgent,Terminé,2025-10-08,2025-10-14,2025-10-15,Jean Leroy,6,11
WO3977,EQ033,Maintenance corrective,Maintenance Ventilateur 33 - Remplacement,Programmé,Terminé,2025-07-13,2025-07-23,2025-07-25,Jean Leroy,7,9
WO3978,EQ246,Dépannage urgent,Maintenance Compresseur 246 - Vérification,Normal,Terminé,2025-05-14,2025-05-26,2025-05-28,Marie Durand,5,10
WO3979,EQ329,Amélioration,Maintenance Convoyeur 329 - Contrôle,Normal,Annulé,2025-08-23,2025-09-04,,Marie Durand,8,
WO3980,EQ381,Nettoyage,Maintenance Transformateur 381 - Contrôle,Très urgent,Terminé,2025-10-10,2025-10-12,2025-10-17,Martin Dubois,10,8
WO3981,EQ369,Révision générale,Maintenance Moteur électrique 369 - Contrôle,Normal,Ouvert,2025-10-30,2025-11-11,,Jean Leroy,5,
WO3982,EQ407,Inspection,Maintenance Transformateur 407 - Remplacement,Programmé,Terminé,2025-08-23,2025-08-25,2025-08-23,Marie Durand,3,12
WO3983,EQ068,Révision générale,Maintenance Presse hydraulique 68 - Vérification,Programmé,Terminé,2025-05-13,2025-05-23,2025-05-25,Sophie Laurent,3,17
WO3984,EQ197,Nettoyage,Maintenance Compresseur 197 - Vérification,Programmé,Terminé,2025-05-27,2025-06-08,2025-06-06,Pierre Moreau,12,9
WO3985,EQ211,Inspection,Maintenance Groupe électrogène 211 - Vérification,Très urgent,Terminé,2025-09-24,2025-09-29,2025-09-29,Pierre Moreau,6,18
WO3986,EQ392,Dépannage urgent,Maintenance Échangeur thermique 392 - Vérification,Urgent,En cours,2025-10-30,2025-11-07,,Jean Leroy,7,
WO3987,EQ175,Révision générale,Maintenance Réducteur 175 - Contrôle,Programmé,Terminé,2025-07-12,2025-07-15,2025-07-17,Jean Leroy,5,4
WO3988,EQ137,Dépannage urgent,Maintenance Chaudière 137 - Remplacement,Normal,Terminé,2025-09-24,2025-10-01,2025-10-01,Sophie Laurent,2,16
WO3989,EQ116,Amélioration,Maintenance Compresseur 116 - Réparation,Urgent,Terminé,2025-09-10,2025-09-21,2025-09-22,Claire Bernard,10,19
WO3990,EQ266,Maintenance corrective,Maintenance Pompe centrifuge 266 - Contrôle,Programmé,En cours,2025-11-04,2025-11-09,,Claire Bernard,6,
WO3991,EQ002,Révision générale,Maintenance Convoyeur 02 - Remplacement,Normal,Terminé,2025-07-12,2025-07-22,2025-07-26,Marie Durand,1,15
WO3992,EQ173,Inspection,Maintenance Pompe centrifuge 173 - Réparation,Normal,Terminé,2025-07-14,2025-07-16,2025-07-16,Sophie Laurent,4,20
WO3993,EQ406,Révision générale,Maintenance Réducteur 406 - Vérification,Programmé,Terminé,2025-09-20,2025-09-23,2025-09-24,Claire Bernard,14,19
WO3994,EQ329,Amélioration,Maintenance Convoyeur 329 - Vérification,Programmé,Terminé,2025-10-05,2025-10-15,2025-10-13,Marie Durand,12,14
WO3995,EQ153,Révision générale,Maintenance Échangeur thermique 153 - Réparation,Normal,Terminé,2025-07-15,2025-07-26,2025-07-24,Marie Durand,16,1
WO3996,EQ161,Révision générale,Maintenance Presse hydraulique 161 - Réparation,Normal,Annulé,2025-05-27,2025-06-06,,Pierre Moreau,3,
WO3997,EQ146,Dépannage urgent,Maintenance Moteur électrique 146 - Vérification,Normal,Terminé,2025-08-22,2025-08-26,2025-08-24,Claire Bernard,1,14
WO3998,EQ319,Nettoyage,Maintenance Groupe électrogène 319 - Vérification,Programmé,Terminé,2025-06-20,2025-07-02,2025-07-06,Pierre Moreau,15,2
WO3999,EQ015,Inspection,Maintenance Ventilateur 15 - Réparation,Très urgent,Terminé,2025-09-01,2025-09-04,2025-09-02,Jean Leroy,14,16
WO4000,EQ165,Dépannage urgent,Maintenance Groupe électrogène 165 - Vérification,Très urgent,Terminé,2025-10-02,2025-10-10,2025-10-08,Marie Durand,11,6
